1773515601704 3.90605 0
1773515601748 3.77119 1
1773515601787 4.04408 2
1773515601821 4.09029 3
1773515601854 4.02508 4
1773515601887 3.98894 5
1773515601954 4.07197 6
1773515601970 4.07445 7
1773515602013 4.02889 8
1773515602037 4.13871 9
1773515602070 3.9459 10
1773515602087 3.96395 11
1773515602121 4.14156 12
1773515602154 4.15891 13
1773515602193 4.03165 14
1773515602222 4.07782 15
1773515602237 4.04861 16
1773515602270 4.06907 17
1773515602310 4.02355 18
1773515602350 4.10502 19
1773515602398 3.98076 20
1773515602435 4.07677 21
1773515602468 4.14199 22
1773515602499 4.14491 23
1773515602515 4.11732 24
1773515602546 3.96159 25
1773515602587 4.11966 26
1773515602638 3.98625 27
1773515602671 4.05911 28
1773515602721 4.06147 29
1773515602754 4.10712 30
1773515602786 4.0116 31
1773515602811 3.97944 32
1773515602841 3.93974 33
1773515602871 4.16628 34
1773515602887 3.99955 35
1773515602921 4.04366 36
1773515602964 3.92996 37
1773515602987 3.92074 38
1773515603021 3.77463 39
1773515603054 3.77825 40
1773515603106 3.51864 41
1773515603138 3.47257 42
1773515603154 3.33003 43
1773515603187 3.29998 44
1773515603228 3.21501 45
1773515603254 3.29904 46
1773515603271 3.16801 47
1773515603321 3.16332 48
1773515603356 3.07271 49
1773515603392 3.14994 50
1773515603420 3.05142 51
1773515603451 2.99078 52
1773515603501 3.03496 53
1773515603535 2.86666 54
1773515603572 3.0533 55
1773515603588 2.96819 56
1773515603621 2.86179 57
1773515603659 2.89808 58
1773515603687 2.97365 59
1773515603704 2.91534 60
1773515603737 2.88353 61
1773515603776 2.77832 62
1773515603813 2.85234 63
1773515603847 2.8728 64
1773515603883 2.89629 65
1773515603919 2.80525 66
1773515603967 2.75386 67
1773515603998 2.73571 68
1773515604020 2.73859 69
1773515604084 2.64215 70
1773515604130 2.7382 71
1773515604161 2.82341 72
1773515604196 2.65165 73
1773515604226 2.56228 74
1773515604256 2.66328 75
1773515604292 2.76288 76
1773515604331 2.59105 77
1773515604365 2.65653 78
1773515604397 2.6018 79
1773515604426 2.58037 80
1773515604454 2.61315 81
1773515604482 2.52617 82
1773515604511 2.55618 83
1773515604540 2.50665 84
1773515604569 2.55512 85
1773515604599 2.59231 86
1773515604628 2.59235 87
1773515604656 2.52084 88
1773515604684 2.45749 89
1773515604713 2.78035 90
1773515604742 2.55179 91
1773515604770 2.55116 92
1773515604799 2.45374 93
1773515604827 2.37574 94
1773515604857 2.37235 95
1773515604885 2.4591 96
1773515604913 2.44141 97
1773515604942 2.314 98
1773515604971 2.37787 99
