1773515601720 1034.5 0
1773515601753 4.90617 1
1773515601791 5.50219 2
1773515601821 12.1808 3
1773515601854 4.46951 4
1773515601925 4.15553 5
1773515601956 4.32159 6
1773515601987 3.97051 7
1773515602017 3.89189 8
1773515602037 4.17411 9
1773515602070 4.02027 10
1773515602104 3.95366 11
1773515602121 3.86555 12
1773515602154 3.86084 13
1773515602197 3.94138 14
1773515602223 3.84223 15
1773515602254 4.05857 16
1773515602270 3.84982 17
1773515602314 3.8551 18
1773515602357 3.77907 19
1773515602403 3.8109 20
1773515602437 3.84912 21
1773515602468 3.71359 22
1773515602499 3.96858 23
1773515602531 3.80287 24
1773515602562 3.74108 25
1773515602587 3.64774 26
1773515602654 3.63295 27
1773515602687 3.80915 28
1773515602721 3.49546 29
1773515602754 3.56505 30
1773515602787 3.47333 31
1773515602811 3.31629 32
1773515602841 3.28912 33
1773515602871 3.25169 34
1773515602904 3.1641 35
1773515602921 3.07122 36
1773515602968 2.98947 37
1773515602987 2.89591 38
1773515603021 2.83553 39
1773515603054 2.76754 40
1773515603106 2.69465 41
1773515603138 2.70031 42
1773515603170 2.6574 43
1773515603187 2.59917 44
1773515603232 2.55389 45
1773515603254 2.68673 46
1773515603287 2.54514 47
1773515603321 2.62425 48
1773515603361 2.60696 49
1773515603396 2.69803 50
1773515603420 2.61164 51
1773515603467 2.40756 52
1773515603507 2.64503 53
1773515603535 2.64397 54
1773515603576 2.59059 55
1773515603606 2.4487 56
1773515603621 2.43103 57
1773515603663 2.38601 58
1773515603687 2.4917 59
1773515603720 2.44123 60
1773515603737 2.44259 61
1773515603780 2.32149 62
1773515603817 2.32862 63
1773515603852 2.38821 64
1773515603887 2.30548 65
1773515603924 2.2324 66
1773515603972 2.15896 67
1773515604002 2.21155 68
1773515604037 2.47495 69
1773515604100 2.24206 70
1773515604134 2.35809 71
1773515604164 2.35638 72
1773515604200 2.10799 73
1773515604230 2.21144 74
1773515604260 2.31293 75
1773515604299 2.22022 76
1773515604335 2.11741 77
1773515604372 2.36356 78
1773515604401 2.11737 79
1773515604430 2.14209 80
1773515604458 2.08947 81
1773515604486 2.17492 82
1773515604515 2.1269 83
1773515604544 2.08693 84
1773515604574 1.99798 85
1773515604603 2.25104 86
1773515604632 2.21823 87
1773515604660 2.1226 88
1773515604688 2.09407 89
1773515604717 2.77997 90
1773515604746 2.30538 91
1773515604775 2.24003 92
1773515604803 2.22627 93
1773515604831 2.18453 94
1773515604861 2.06416 95
1773515604889 2.286 96
1773515604917 2.16299 97
1773515604946 2.04996 98
1773515604975 2.15261 99
