1773515601725 4.49215 0
1773515601754 2.81597 1
1773515601796 2.51944 2
1773515601837 2.57903 3
1773515601854 2.61902 4
1773515601925 2.56875 5
1773515601956 2.47346 6
1773515601991 2.33816 7
1773515602021 2.20474 8
1773515602037 2.30684 9
1773515602070 2.16639 10
1773515602104 2.17131 11
1773515602137 2.26505 12
1773515602171 2.1608 13
1773515602201 2.20569 14
1773515602223 2.1207 15
1773515602254 2.18848 16
1773515602287 2.13511 17
1773515602318 2.08064 18
1773515602358 2.1235 19
1773515602408 2.1405 20
1773515602437 2.20124 21
1773515602468 2.23619 22
1773515602499 2.14091 23
1773515602531 2.24425 24
1773515602562 2.15017 25
1773515602604 2.18447 26
1773515602654 2.15956 27
1773515602687 2.13822 28
1773515602721 2.17065 29
1773515602754 2.14366 30
1773515602787 2.15884 31
1773515602821 2.03897 32
1773515602841 2.10083 33
1773515602871 2.16898 34
1773515602904 2.09768 35
1773515602937 2.0873 36
1773515602974 2.04088 37
1773515603004 2.05991 38
1773515603037 1.94537 39
1773515603071 1.91903 40
1773515603106 1.87094 41
1773515603138 1.91876 42
1773515603171 1.80306 43
1773515603187 1.77716 44
1773515603236 1.72345 45
1773515603254 1.7127 46
1773515603287 1.66954 47
1773515603321 1.71848 48
1773515603365 1.67197 49
1773515603401 1.69068 50
1773515603435 1.64871 51
1773515603475 1.64299 52
1773515603515 1.62434 53
1773515603551 1.57694 54
1773515603580 1.70375 55
1773515603610 1.65994 56
1773515603638 1.53723 57
1773515603667 1.59044 58
1773515603687 1.571 59
1773515603721 1.57206 60
1773515603753 1.56504 61
1773515603785 1.48301 62
1773515603824 1.52765 63
1773515603856 1.52693 64
1773515603892 1.57197 65
1773515603928 1.53302 66
1773515603976 1.492 67
1773515604007 1.47316 68
1773515604037 1.48058 69
1773515604100 1.49042 70
1773515604137 1.55968 71
1773515604168 1.59892 72
1773515604204 1.49526 73
1773515604234 1.45183 74
1773515604264 1.49646 75
1773515604305 1.45963 76
1773515604340 1.42768 77
1773515604376 1.55479 78
1773515604406 1.52986 79
1773515604434 1.42856 80
1773515604462 1.46845 81
1773515604491 1.41047 82
1773515604519 1.44427 83
1773515604548 1.40826 84
1773515604578 1.3877 85
1773515604607 1.45139 86
1773515604636 1.494 87
1773515604664 1.41608 88
1773515604692 1.42844 89
1773515604722 1.6719 90
1773515604750 1.52609 91
1773515604778 1.53892 92
1773515604807 1.46859 93
1773515604835 1.45643 94
1773515604864 1.49775 95
1773515604893 1.52162 96
1773515604922 1.52493 97
1773515604950 1.41803 98
1773515604979 1.47912 99
