1773515601687 0.0 0
1773515601734 0.0 1
1773515601773 1e-05 2
1773515601804 0.0 3
1773515601841 0.0 4
1773515601871 2e-05 5
1773515601942 0.0 6
1773515601970 0.0 7
1773515601999 4e-05 8
1773515602023 0.0 9
1773515602054 0.0 10
1773515602070 0.00016 11
1773515602104 1e-05 12
1773515602137 0.0001 13
1773515602171 0.0 14
1773515602210 0.00013 15
1773515602237 0.00014 16
1773515602254 6e-05 17
1773515602287 0.0 18
1773515602330 0.0 19
1773515602371 9e-05 20
1773515602420 2e-05 21
1773515602452 0.0 22
1773515602484 0.0 23
1773515602515 0.0 24
1773515602531 0.00012 25
1773515602577 8e-05 26
1773515602621 0.00011 27
1773515602671 0.00031 28
1773515602704 0.00027 29
1773515602737 8e-05 30
1773515602771 0.00011 31
1773515602787 0.00027 32
1773515602821 0.00045 33
1773515602854 0.00047 34
1773515602887 0.00022 35
1773515602904 0.00044 36
1773515602937 0.00074 37
1773515602982 0.0006 38
1773515603004 0.0027 39
1773515603037 0.00198 40
1773515603087 0.00563 41
1773515603125 0.00865 42
1773515603154 0.03799 43
1773515603171 0.01732 44
1773515603204 0.03796 45
1773515603244 0.02177 46
1773515603271 0.03545 47
1773515603304 0.02769 48
1773515603343 0.01839 49
1773515603371 0.02074 50
1773515603413 0.02515 51
1773515603435 0.02788 52
1773515603487 0.0207 53
1773515603520 0.03164 54
1773515603560 0.04269 55
1773515603588 0.0573 56
1773515603618 0.05169 57
1773515603638 0.0343 58
1773515603676 0.02986 59
1773515603704 0.00934 60
1773515603721 0.03525 61
1773515603754 0.03449 62
1773515603796 0.02979 63
1773515603833 0.0232 64
1773515603866 0.04775 65
1773515603900 0.03599 66
1773515603938 0.01608 67
1773515603985 0.00384 68
1773515604015 0.0144 69
1773515604037 0.03346 70
1773515604117 0.04931 71
1773515604147 0.04496 72
1773515604181 0.04146 73
1773515604213 0.05305 74
1773515604242 0.06257 75
1773515604273 0.03683 76
1773515604319 0.05457 77
1773515604348 0.04658 78
1773515604384 0.05862 79
1773515604414 0.03759 80
1773515604442 0.02789 81
1773515604471 0.02686 82
1773515604499 0.03541 83
1773515604527 0.02856 84
1773515604556 0.04053 85
1773515604586 0.04346 86
1773515604615 0.0333 87
1773515604644 0.03029 88
1773515604672 0.03491 89
1773515604700 0.06137 90
1773515604730 0.06014 91
1773515604759 0.0592 92
1773515604787 0.06038 93
1773515604815 0.06315 94
1773515604844 0.04678 95
1773515604873 0.03324 96
1773515604901 0.0286 97
1773515604930 0.03031 98
1773515604959 0.01499 99
