1773515601687 0.0 0
1773515601730 0.0 1
1773515601754 0.00012 2
1773515601801 0.0 3
1773515601841 0.0 4
1773515601870 5e-05 5
1773515601937 2e-05 6
1773515601956 0.0 7
1773515601996 0.0002 8
1773515602023 0.0 9
1773515602054 0.0 10
1773515602070 0.00051 11
1773515602104 3e-05 12
1773515602137 0.00046 13
1773515602171 0.0 14
1773515602206 0.00053 15
1773515602223 0.00049 16
1773515602254 0.00027 17
1773515602287 0.0 18
1773515602325 0.0 19
1773515602371 0.00036 20
1773515602414 0.0001 21
1773515602437 0.0 22
1773515602468 0.0 23
1773515602499 0.0 24
1773515602531 0.00051 25
1773515602562 0.00039 26
1773515602621 0.00053 27
1773515602654 0.0013 28
1773515602687 0.00099 29
1773515602737 0.00037 30
1773515602769 0.00051 31
1773515602787 0.00118 32
1773515602821 0.00203 33
1773515602854 0.00227 34
1773515602871 0.00109 35
1773515602904 0.00208 36
1773515602937 0.0041 37
1773515602978 0.0025 38
1773515603004 0.0142 39
1773515603037 0.00855 40
1773515603071 0.01635 41
1773515603121 0.02715 42
1773515603138 0.09606 43
1773515603171 0.04844 44
1773515603204 0.11716 45
1773515603240 0.0582 46
1773515603254 0.08274 47
1773515603287 0.07786 48
1773515603338 0.06002 49
1773515603371 0.06859 50
1773515603407 0.08503 51
1773515603435 0.06827 52
1773515603483 0.04839 53
1773515603520 0.07181 54
1773515603556 0.11054 55
1773515603584 0.11771 56
1773515603614 0.09963 57
1773515603638 0.08413 58
1773515603672 0.06662 59
1773515603687 0.02016 60
1773515603721 0.06189 61
1773515603754 0.07127 62
1773515603789 0.09442 63
1773515603828 0.06238 64
1773515603860 0.11086 65
1773515603896 0.10747 66
1773515603932 0.05935 67
1773515603981 0.01702 68
1773515604010 0.06152 69
1773515604037 0.10351 70
1773515604112 0.13694 71
1773515604143 0.09968 72
1773515604174 0.08919 73
1773515604209 0.12634 74
1773515604237 0.13639 75
1773515604268 0.08744 76
1773515604313 0.1215 77
1773515604344 0.11453 78
1773515604380 0.13811 79
1773515604410 0.11158 80
1773515604438 0.09499 81
1773515604466 0.08727 82
1773515604495 0.08551 83
1773515604523 0.07498 84
1773515604552 0.1203 85
1773515604582 0.10363 86
1773515604611 0.07179 87
1773515604640 0.07617 88
1773515604668 0.10642 89
1773515604696 0.15559 90
1773515604726 0.14912 91
1773515604754 0.1396 92
1773515604783 0.13706 93
1773515604811 0.13371 94
1773515604840 0.10847 95
1773515604868 0.08593 96
1773515604897 0.07822 97
1773515604926 0.07987 98
1773515604954 0.05508 99
