1773515601687 0.0 0
1773515601740 0.0 1
1773515601777 0.00021 2
1773515601804 0.0 3
1773515601841 0.0 4
1773515601871 0.0001 5
1773515601946 3e-05 6
1773515601970 0.0 7
1773515602004 0.00037 8
1773515602023 0.0 9
1773515602054 0.0 10
1773515602087 0.00087 11
1773515602121 7e-05 12
1773515602137 0.0008 13
1773515602171 0.0 14
1773515602214 0.00083 15
1773515602237 0.00083 16
1773515602270 0.0005 17
1773515602287 0.0 18
1773515602334 0.0 19
1773515602371 0.00063 20
1773515602420 0.0002 21
1773515602452 0.0 22
1773515602484 0.0 23
1773515602515 0.0 24
1773515602546 0.00078 25
1773515602577 0.00067 26
1773515602638 0.0009 27
1773515602671 0.0012 28
1773515602704 0.0014 29
1773515602737 0.00068 30
1773515602771 0.00092 31
1773515602806 0.00177 32
1773515602821 0.00208 33
1773515602854 0.002 34
1773515602887 0.0016 35
1773515602921 0.0022 36
1773515602955 0.00259 37
1773515602987 0.00436 38
1773515603019 0.03703 39
1773515603037 0.02266 40
1773515603087 0.03656 41
1773515603129 0.08441 42
1773515603154 0.22016 43
1773515603186 0.16353 44
1773515603220 0.33529 45
1773515603248 0.47373 46
1773515603271 0.20075 47
1773515603304 0.30484 48
1773515603347 0.17801 49
1773515603371 0.17594 50
1773515603420 0.28151 51
1773515603451 0.20245 52
1773515603492 0.11337 53
1773515603520 0.24161 54
1773515603564 0.31619 55
1773515603588 0.26186 56
1773515603621 0.22373 57
1773515603638 0.17142 58
1773515603680 0.17863 59
1773515603704 0.06105 60
1773515603737 0.10574 61
1773515603754 0.37766 62
1773515603802 0.22314 63
1773515603839 0.19388 64
1773515603870 0.22561 65
1773515603906 0.25647 66
1773515603939 0.12714 67
1773515603990 0.06929 68
1773515604020 0.24467 69
1773515604053 0.26413 70
1773515604120 0.29481 71
1773515604151 0.28479 72
1773515604187 0.2284 73
1773515604217 0.26412 74
1773515604246 0.28627 75
1773515604280 0.16199 76
1773515604323 0.21735 77
1773515604352 0.19999 78
1773515604389 0.27363 79
1773515604418 0.22989 80
1773515604446 0.21512 81
1773515604475 0.26095 82
1773515604503 0.30895 83
1773515604531 0.29887 84
1773515604561 0.21746 85
1773515604591 0.17175 86
1773515604619 0.30959 87
1773515604648 0.23007 88
1773515604676 0.25144 89
1773515604705 0.30386 90
1773515604734 0.39482 91
1773515604762 0.30074 92
1773515604791 0.26538 93
1773515604819 0.25666 94
1773515604848 0.21095 95
1773515604877 0.18646 96
1773515604906 0.1875 97
1773515604934 0.17881 98
1773515604963 0.15535 99
