1773515601704 0.0 0
1773515601744 0.0 1
1773515601782 0.02532 2
1773515601804 0.0 3
1773515601854 0.0 4
1773515601871 0.01899 5
1773515601950 0.00633 6
1773515601970 0.0 7
1773515602009 0.06962 8
1773515602037 0.0 9
1773515602054 0.0 10
1773515602087 0.16456 11
1773515602121 0.01266 12
1773515602154 0.1519 13
1773515602188 0.0 14
1773515602218 0.15823 15
1773515602237 0.15823 16
1773515602270 0.09494 17
1773515602306 0.0 18
1773515602342 0.0 19
1773515602393 0.12025 20
1773515602420 0.00633 21
1773515602452 0.0 22
1773515602484 0.0 23
1773515602515 0.0 24
1773515602546 0.14557 25
1773515602587 0.12658 26
1773515602638 0.17089 27
1773515602671 0.22785 28
1773515602721 0.26582 29
1773515602737 0.09494 30
1773515602771 0.10127 31
1773515602810 0.1962 32
1773515602839 0.31013 33
1773515602854 0.37975 34
1773515602887 0.3038 35
1773515602921 0.41772 36
1773515602960 0.39873 37
1773515602987 0.20253 38
1773515603021 0.18354 39
1773515603054 0.14557 40
1773515603103 0.12025 41
1773515603133 0.17089 42
1773515603154 0.12658 43
1773515603187 0.07595 44
1773515603224 0.13924 45
1773515603252 0.03432 46
1773515603271 0.16456 47
1773515603321 0.10127 48
1773515603351 0.13924 49
1773515603387 0.15135 50
1773515603420 0.12025 51
1773515603451 0.11392 52
1773515603496 0.12025 53
1773515603535 0.12025 54
1773515603568 0.1519 55
1773515603588 0.17722 56
1773515603621 0.12025 57
1773515603655 0.14557 58
1773515603684 0.11563 59
1773515603704 0.07595 60
1773515603737 0.06329 61
1773515603771 0.0443 62
1773515603809 0.14557 63
1773515603843 0.13291 64
1773515603878 0.18354 65
1773515603913 0.16456 66
1773515603963 0.12025 67
1773515603994 0.08861 68
1773515604020 0.10127 69
1773515604084 0.17039 70
1773515604126 0.24051 71
1773515604157 0.12098 72
1773515604192 0.06962 73
1773515604220 0.20886 74
1773515604250 0.17722 75
1773515604285 0.11392 76
1773515604327 0.21519 77
1773515604358 0.20253 78
1773515604393 0.21519 79
1773515604422 0.15304 80
1773515604450 0.17089 81
1773515604478 0.12516 82
1773515604507 0.05063 83
1773515604535 0.03797 84
1773515604565 0.20886 85
1773515604595 0.12658 86
1773515604624 0.07595 87
1773515604652 0.07595 88
1773515604680 0.14557 89
1773515604709 0.21519 90
1773515604738 0.08228 91
1773515604766 0.19328 92
1773515604795 0.25949 93
1773515604823 0.24051 94
1773515604852 0.22152 95
1773515604880 0.13291 96
1773515604910 0.12658 97
1773515604938 0.13368 98
1773515604967 0.08228 99
