1773510496650 18.17057 0
1773510515247 0.0 1
1773510534253 0.0 2
1773510555038 0.0 3
1773510609132 0.0 4
1773510627318 0.0 5
1773510646625 0.0 6
1773510669519 0.0 7
1773510701004 0.0 8
1773510784091 0.0 9
1773510911321 0.0 10
1773511023602 0.0 11
1773511182642 0.0 12
1773511371149 0.0 13
1773511646887 0.0 14
1773511892629 0.0 15
1773511928199 0.0 16
1773511961263 0.0 17
1773511993478 0.0 18
1773512025789 0.0 19
1773512057075 0.0 20
1773512088453 0.0 21
1773512115934 0.0 22
1773512161275 0.0 23
1773512194997 0.0 24
1773512229487 0.0 25
1773512280684 0.0 26
1773512320694 0.0 27
1773512370873 0.0 28
1773512421247 0.0 29
1773512484684 0.0 30
1773512551376 0.0 31
1773512619540 0.0 32
1773512696636 0.0 33
1773512736159 0.0 34
1773512774386 0.0 35
1773512812316 0.0 36
1773512850028 0.0 37
1773512889154 0.0 38
1773512927300 0.0 39
1773512964717 0.0 40
1773513002906 0.0 41
1773513042730 0.0 42
1773513082765 0.0 43
1773513125735 0.0 44
1773513166843 0.0 45
1773513208086 0.0 46
1773513256106 0.0 47
1773513303856 0.0 48
1773513348007 0.0 49
1773513391931 0.0 50
1773513434609 0.0 51
1773513475195 0.0 52
1773513515837 0.0 53
1773513555577 0.0 54
1773513593772 0.0 55
1773513631518 0.0 56
1773513669636 0.0 57
1773513707638 0.0 58
1773513745631 0.0 59
1773513784647 0.0 60
1773513824121 0.0 61
1773513862709 0.0 62
1773513901988 0.0 63
1773513942403 0.0 64
1773513983212 0.0 65
1773514023261 0.0 66
1773514065160 0.0 67
1773514107292 0.0 68
1773514149474 0.0 69
1773514191547 0.0 70
1773514243019 0.0 71
1773514284123 0.0 72
1773514326917 0.0 73
1773514370629 0.0 74
1773514412378 0.0 75
1773514454390 0.0 76
1773514496489 0.0 77
1773514538752 0.0 78
1773514582566 0.0 79
1773514625326 0.0 80
1773514670199 0.0 81
1773514711812 0.0 82
1773514753779 0.0 83
1773514794590 0.0 84
1773514837120 0.0 85
1773514878379 0.0 86
1773514920167 0.0 87
1773514961542 0.0 88
1773515002559 0.0 89
1773515086814 0.0 90
1773515119421 0.0 91
1773515181136 0.0 92
1773515209766 0.0 93
1773515229567 0.0 94
1773515258068 0.0 95
1773515299353 0.0 96
1773515339139 0.0 97
1773515381324 0.0 98
1773515423962 0.0 99
