1770985814144 0.0 0
1770985984715 0.00348 1
1770986096579 0.00471 2
1770986189442 0.00448 3
1770986321838 0.00354 4
1770986416818 0.00379 5
1770986510881 0.00542 6
1770986603858 0.00362 7
1770986713869 0.00534 8
1770986833869 0.00868 9
1770986927840 0.0118 10
1770987071769 0.01086 11
1770987165329 0.0129 12
1770987258330 0.01144 13
1770987351540 0.00839 14
1770987444969 0.01183 15
1770987538230 0.00773 16
1770987631348 0.00749 17
1770987724585 0.00766 18
1770987817400 0.00617 19
1770987923206 0.01232 20
1770988017176 0.01852 21
1770988111350 0.01339 22
1770988205521 0.01498 23
1770988299522 0.01685 24
1770988393608 0.01576 25
1770988486619 0.00964 26
1770988605866 0.01405 27
1770988709381 0.0119 28
1770988847430 0.01124 29
1770988940941 0.00582 30
1770989034024 0.00094 31
1770989127171 0.0077 32
1770989220644 0.01068 33
1770989313807 0.01562 34
1770989432748 0.0105 35
1770989551648 0.00959 36
1770989644759 0.01397 37
1770989737784 0.02306 38
1770989830998 0.01483 39
1770989924136 0.02323 40
1770990017029 0.01191 41
1770990111665 0.02238 42
1770990217706 0.02307 43
1770990323800 0.02616 44
1770990416833 0.02421 45
1770990510053 0.0242 46
1770990603268 0.02763 47
1770990696329 0.01206 48
1770990789462 0.02263 49
1770990882476 0.0199 50
1770990975490 0.02079 51
1770991107060 0.01497 52
1770991200462 0.01786 53
1770991294529 0.04059 54
1770991387740 0.02525 55
1770991481163 0.02604 56
1770991574377 0.02886 57
1770991667610 0.03305 58
1770991786669 0.0277 59
1770991905548 0.02713 60
1770992056613 0.03423 61
1770992149453 0.03361 62
1770992246353 0.02995 63
1770992339550 0.04017 64
1770992432682 0.03229 65
1770992525999 0.03272 66
1770992618848 0.03808 67
1770992712019 0.02713 68
1770992805199 0.03315 69
1770992898366 0.03297 70
1770992991624 0.02892 71
1770993084942 0.02905 72
1770993178300 0.02498 73
1770993272305 0.0481 74
1770993365448 0.02846 75
1770993458639 0.04756 76
1770993551562 0.04551 77
1770993644739 0.04266 78
1770993738136 0.03407 79
1770993831551 0.0298 80
1770993924828 0.0303 81
1770994018111 0.04051 82
1770994137317 0.04494 83
1770994256585 0.03796 84
1770994355138 0.02818 85
1770994448384 0.02659 86
1770994541943 0.02712 87
1770994635140 0.03435 88
1770994728336 0.03211 89
1770994869447 0.02015 90
1770994961990 0.02065 91
1770995054973 0.03879 92
1770995147794 0.02923 93
1770995240760 0.03304 94
1770995333604 0.03835 95
1770995426418 0.03863 96
1770995519177 0.03574 97
1770995611995 0.03917 98
1770995704853 0.03885 99
1770995709795 0.04808375861890539 99
