1770985814144 0.0 0
1770985984715 0.00104 1
1770986096579 0.00153 2
1770986189442 0.00136 3
1770986321838 0.00101 4
1770986416818 0.00103 5
1770986510881 0.00193 6
1770986603858 0.00117 7
1770986713869 0.00129 8
1770986833869 0.00238 9
1770986927840 0.0033 10
1770987071769 0.00326 11
1770987165329 0.00499 12
1770987258330 0.00391 13
1770987351540 0.00205 14
1770987444969 0.00396 15
1770987538230 0.00235 16
1770987631348 0.00223 17
1770987724585 0.00215 18
1770987817400 0.00173 19
1770987923206 0.00423 20
1770988017176 0.0063 21
1770988111350 0.0064 22
1770988205521 0.00681 23
1770988299522 0.00722 24
1770988393608 0.00739 25
1770988486619 0.00375 26
1770988605866 0.00513 27
1770988709381 0.00401 28
1770988847430 0.0026 29
1770988940941 0.00194 30
1770989034024 0.00021 31
1770989127171 0.00202 32
1770989220644 0.00274 33
1770989313807 0.0042 34
1770989432748 0.00302 35
1770989551648 0.00244 36
1770989644759 0.00306 37
1770989737784 0.00662 38
1770989830998 0.00504 39
1770989924136 0.00722 40
1770990017029 0.0031 41
1770990111665 0.00775 42
1770990217706 0.00576 43
1770990323800 0.00606 44
1770990416833 0.00633 45
1770990510053 0.00563 46
1770990603268 0.00584 47
1770990696329 0.00325 48
1770990789462 0.00531 49
1770990882476 0.00489 50
1770990975490 0.00498 51
1770991107060 0.0042 52
1770991200462 0.00494 53
1770991294529 0.00958 54
1770991387740 0.00704 55
1770991481163 0.00612 56
1770991574377 0.00666 57
1770991667610 0.00729 58
1770991786669 0.00705 59
1770991905548 0.00692 60
1770992056613 0.00805 61
1770992149453 0.00798 62
1770992246353 0.00776 63
1770992339550 0.0088 64
1770992432682 0.00755 65
1770992525999 0.00754 66
1770992618848 0.00916 67
1770992712019 0.00679 68
1770992805199 0.00758 69
1770992898366 0.00775 70
1770992991624 0.00778 71
1770993084942 0.00703 72
1770993178300 0.00636 73
1770993272305 0.0111 74
1770993365448 0.0073 75
1770993458639 0.01009 76
1770993551562 0.0108 77
1770993644739 0.01038 78
1770993738136 0.00868 79
1770993831551 0.00818 80
1770993924828 0.00787 81
1770994018111 0.01 82
1770994137317 0.01048 83
1770994256585 0.00915 84
1770994355138 0.00777 85
1770994448384 0.00635 86
1770994541943 0.00691 87
1770994635140 0.00893 88
1770994728336 0.00808 89
1770994869447 0.00528 90
1770994961990 0.00551 91
1770995054973 0.01017 92
1770995147794 0.00768 93
1770995240760 0.00848 94
1770995333604 0.01017 95
1770995426418 0.00908 96
1770995519177 0.00962 97
1770995611995 0.01001 98
1770995704853 0.00952 99
1770995709795 0.011165033067760234 99
