1770985814144 0.0 0
1770985984715 0.00694 1
1770986096579 0.00857 2
1770986189442 0.00825 3
1770986321838 0.00634 4
1770986416818 0.00646 5
1770986510881 0.00531 6
1770986603858 0.00449 7
1770986713869 0.09598 8
1770986833869 0.01146 9
1770986927840 0.01555 10
1770987071769 0.01361 11
1770987165329 0.01624 12
1770987258330 0.01374 13
1770987351540 0.0114 14
1770987444969 0.01543 15
1770987538230 0.01096 16
1770987631348 0.00895 17
1770987724585 0.01 18
1770987817400 0.00915 19
1770987923206 0.01571 20
1770988017176 0.02 21
1770988111350 0.01371 22
1770988205521 0.03038 23
1770988299522 0.01468 24
1770988393608 0.01441 25
1770988486619 0.0165 26
1770988605866 0.0122 27
1770988709381 0.01552 28
1770988847430 0.01114 29
1770988940941 0.00818 30
1770989034024 0.00182 31
1770989127171 0.01333 32
1770989220644 0.01909 33
1770989313807 0.02576 34
1770989432748 0.01515 35
1770989551648 0.00848 36
1770989644759 0.02455 37
1770989737784 0.02818 38
1770989830998 0.01424 39
1770989924136 0.0297 40
1770990017029 0.02152 41
1770990111665 0.0297 42
1770990217706 0.03061 43
1770990323800 0.03788 44
1770990416833 0.03636 45
1770990510053 0.03818 46
1770990603268 0.03697 47
1770990696329 0.02152 48
1770990789462 0.03848 49
1770990882476 0.03182 50
1770990975490 0.03485 51
1770991107060 0.02333 52
1770991200462 0.03152 53
1770991294529 0.04788 54
1770991387740 0.03909 55
1770991481163 0.03848 56
1770991574377 0.04061 57
1770991667610 0.04333 58
1770991786669 0.0397 59
1770991905548 0.04212 60
1770992056613 0.0467 61
1770992149453 0.04485 62
1770992246353 0.04303 63
1770992339550 0.05383 64
1770992432682 0.04939 65
1770992525999 0.04848 66
1770992618848 0.05121 67
1770992712019 0.04364 68
1770992805199 0.04818 69
1770992898366 0.05242 70
1770992991624 0.04879 71
1770993084942 0.04879 72
1770993178300 0.04242 73
1770993272305 0.05667 74
1770993365448 0.04182 75
1770993458639 0.05758 76
1770993551562 0.05606 77
1770993644739 0.05515 78
1770993738136 0.05 79
1770993831551 0.04273 80
1770993924828 0.03879 81
1770994018111 0.0597 82
1770994137317 0.0597 83
1770994256585 0.0497 84
1770994355138 0.04333 85
1770994448384 0.04152 86
1770994541943 0.04 87
1770994635140 0.04848 88
1770994728336 0.04576 89
1770994869447 0.03273 90
1770994961990 0.02818 91
1770995054973 0.05121 92
1770995147794 0.04606 93
1770995240760 0.04182 94
1770995333604 0.04485 95
1770995426418 0.04515 96
1770995519177 0.04576 97
1770995611995 0.04576 98
1770995704853 0.04848 99
1770995709795 0.056666666666666664 99
