1770985814144 0.0 0
1770985984715 0.00093 1
1770986096579 0.01589 2
1770986189442 0.01589 3
1770986321838 0.01682 4
1770986416818 0.01589 5
1770986510881 0.01308 6
1770986603858 0.01215 7
1770986713869 0.01028 8
1770986833869 0.01589 9
1770986927840 0.01869 10
1770987071769 0.02243 11
1770987165329 0.02617 12
1770987258330 0.0271 13
1770987351540 0.02617 14
1770987444969 0.0271 15
1770987538230 0.0271 16
1770987631348 0.0271 17
1770987724585 0.0271 18
1770987817400 0.0243 19
1770987923206 0.02804 20
1770988017176 0.02991 21
1770988111350 0.02617 22
1770988205521 0.02523 23
1770988299522 0.02897 24
1770988393608 0.02897 25
1770988486619 0.02991 26
1770988605866 0.02804 27
1770988709381 0.02804 28
1770988847430 0.0243 29
1770988940941 0.02523 30
1770989034024 0.00561 31
1770989127171 0.04112 32
1770989220644 0.05888 33
1770989313807 0.07944 34
1770989432748 0.04673 35
1770989551648 0.02617 36
1770989644759 0.0757 37
1770989737784 0.08692 38
1770989830998 0.04393 39
1770989924136 0.09159 40
1770990017029 0.06636 41
1770990111665 0.09159 42
1770990217706 0.09439 43
1770990323800 0.11682 44
1770990416833 0.11215 45
1770990510053 0.11776 46
1770990603268 0.11402 47
1770990696329 0.06636 48
1770990789462 0.11869 49
1770990882476 0.09813 50
1770990975490 0.10748 51
1770991107060 0.07196 52
1770991200462 0.0972 53
1770991294529 0.14766 54
1770991387740 0.12056 55
1770991481163 0.11869 56
1770991574377 0.12523 57
1770991667610 0.13364 58
1770991786669 0.12243 59
1770991905548 0.12991 60
1770992056613 0.14206 61
1770992149453 0.13832 62
1770992246353 0.13271 63
1770992339550 0.1271 64
1770992432682 0.15234 65
1770992525999 0.14953 66
1770992618848 0.15794 67
1770992712019 0.13458 68
1770992805199 0.1486 69
1770992898366 0.16168 70
1770992991624 0.15047 71
1770993084942 0.15047 72
1770993178300 0.13084 73
1770993272305 0.17477 74
1770993365448 0.12897 75
1770993458639 0.17757 76
1770993551562 0.1729 77
1770993644739 0.17009 78
1770993738136 0.15421 79
1770993831551 0.13178 80
1770993924828 0.11963 81
1770994018111 0.18411 82
1770994137317 0.18411 83
1770994256585 0.15327 84
1770994355138 0.13364 85
1770994448384 0.12804 86
1770994541943 0.12336 87
1770994635140 0.14953 88
1770994728336 0.14112 89
1770994869447 0.10093 90
1770994961990 0.08692 91
1770995054973 0.15794 92
1770995147794 0.14206 93
1770995240760 0.12897 94
1770995333604 0.13832 95
1770995426418 0.13925 96
1770995519177 0.14112 97
1770995611995 0.14112 98
1770995704853 0.14953 99
1770995709795 0.17476635514018693 99
