1770985808336 3.8361 0
1770985979298 3.6083 1
1770986087719 3.46293 2
1770986184994 3.4082 3
1770986317449 3.37605 4
1770986412318 3.42624 5
1770986505333 3.35319 6
1770986599351 3.45151 7
1770986692440 3.36192 8
1770986828316 3.49601 9
1770986922292 3.42127 10
1770987067120 3.20552 11
1770987160092 3.15919 12
1770987253844 3.05858 13
1770987347054 3.06179 14
1770987440497 2.90547 15
1770987533712 2.92039 16
1770987626821 2.977 17
1770987720088 2.80579 18
1770987813046 2.68849 19
1770987918625 2.74443 20
1770988011831 2.67231 21
1770988105878 2.65788 22
1770988200051 2.62606 23
1770988293997 2.60364 24
1770988388114 2.52603 25
1770988482202 2.58317 26
1770988601328 2.59109 27
1770988704890 2.63037 28
1770988842972 2.86659 29
1770988936416 2.91474 30
1770989029502 3.22956 31
1770989122737 3.56935 32
1770989216183 3.64414 33
1770989309317 3.52469 34
1770989428187 3.58101 35
1770989547121 3.67797 36
1770989640231 3.57532 37
1770989733367 3.57465 38
1770989826504 3.52543 39
1770989919630 3.57382 40
1770990012674 3.57097 41
1770990106077 3.60063 42
1770990213138 3.60125 43
1770990319338 3.6082 44
1770990412284 3.56129 45
1770990505584 3.5458 46
1770990598870 3.55521 47
1770990691895 3.49841 48
1770990784961 3.57316 49
1770990878079 3.50429 50
1770990971065 3.49713 51
1770991102552 3.45495 52
1770991195985 3.42121 53
1770991289132 3.45627 54
1770991383277 3.51626 55
1770991476272 3.52254 56
1770991569899 3.52534 57
1770991663159 3.52339 58
1770991782173 3.49122 59
1770991901131 3.54676 60
1770992052212 3.52812 61
1770992145079 3.50616 62
1770992241788 3.51714 63
1770992334970 3.43655 64
1770992428279 3.43814 65
1770992521449 3.4841 66
1770992614313 3.37403 67
1770992707673 3.39983 68
1770992800729 3.3769 69
1770992893987 3.40997 70
1770992987101 3.36452 71
1770993080366 3.32406 72
1770993173837 3.37589 73
1770993267016 3.37644 74
1770993360921 3.39358 75
1770993454151 3.27425 76
1770993547074 3.32877 77
1770993640317 3.32684 78
1770993733562 3.26404 79
1770993827025 3.28783 80
1770993920348 3.36235 81
1770994013598 3.31327 82
1770994132736 3.29113 83
1770994252039 3.26516 84
1770994350572 3.24159 85
1770994443873 3.27337 86
1770994537423 3.23941 87
1770994630638 3.26056 88
1770994723796 3.15813 89
1770994865038 3.33635 90
1770994957615 3.2405 91
1770995050530 3.21531 92
1770995143475 3.14109 93
1770995236289 3.16411 94
1770995329213 3.13815 95
1770995422027 3.14156 96
1770995514821 3.12233 97
1770995607700 3.12346 98
1770995700404 3.08854 99
