1770985808336 137.07986 0
1770985979298 3.09284 1
1770986087719 2.93712 2
1770986184994 2.93936 3
1770986317449 2.84234 4
1770986412318 2.82482 5
1770986505333 2.77826 6
1770986599351 2.7207 7
1770986692440 2.58078 8
1770986828316 2.54728 9
1770986922292 2.59577 10
1770987067120 2.67087 11
1770987160092 2.72248 12
1770987253844 2.71545 13
1770987347054 2.60833 14
1770987440497 2.9149 15
1770987533712 2.68688 16
1770987626821 2.70612 17
1770987720088 2.61242 18
1770987813046 2.67437 19
1770987918625 2.64577 20
1770988011831 2.6291 21
1770988105878 2.56183 22
1770988200051 2.55191 23
1770988293997 2.59524 24
1770988388114 2.64682 25
1770988482202 2.57639 26
1770988601328 2.60684 27
1770988704890 2.85374 28
1770988842972 2.71316 29
1770988936416 2.5996 30
1770989029502 2.6359 31
1770989122737 2.59471 32
1770989216183 2.50357 33
1770989309317 2.50785 34
1770989428187 2.6086 35
1770989547121 2.58906 36
1770989640231 2.47628 37
1770989733367 2.44426 38
1770989826504 2.50125 39
1770989919630 2.46194 40
1770990012674 2.48741 41
1770990106077 2.45421 42
1770990213138 2.45933 43
1770990319338 2.35791 44
1770990412284 2.36219 45
1770990505584 2.38139 46
1770990598870 2.34891 47
1770990691895 2.32233 48
1770990784961 2.34727 49
1770990878079 2.45305 50
1770990971065 2.29306 51
1770991102552 2.30977 52
1770991195985 2.3497 53
1770991289132 2.24511 54
1770991383277 2.21277 55
1770991476272 2.29234 56
1770991569899 2.22917 57
1770991663159 2.24758 58
1770991782173 2.2641 59
1770991901131 2.18184 60
1770992052212 2.18119 61
1770992145079 2.18835 62
1770992241788 2.1591 63
1770992334970 2.15542 64
1770992428279 2.15181 65
1770992521449 2.13968 66
1770992614313 2.14793 67
1770992707673 2.1093 68
1770992800729 2.09325 69
1770992893987 2.06823 70
1770992987101 2.09939 71
1770993080366 2.04289 72
1770993173837 2.11268 73
1770993267016 2.09346 74
1770993360921 2.07459 75
1770993454151 2.04647 76
1770993547074 2.09177 77
1770993640317 1.98837 78
1770993733562 2.05858 79
1770993827025 1.98881 80
1770993920348 2.00455 81
1770994013598 2.01597 82
1770994132736 1.99482 83
1770994252039 1.93357 84
1770994350572 1.97127 85
1770994443873 1.9639 86
1770994537423 2.0096 87
1770994630638 1.90257 88
1770994723796 1.95579 89
1770994865038 2.15661 90
1770994957615 2.0131 91
1770995050530 1.92144 92
1770995143475 1.92289 93
1770995236289 1.87961 94
1770995329213 1.88074 95
1770995422027 1.81154 96
1770995514821 1.84626 97
1770995607700 1.82353 98
1770995700404 1.83766 99
