1770985808336 4.49496 0
1770985979298 4.23959 1
1770986087719 3.86187 2
1770986184994 3.72093 3
1770986317449 3.6943 4
1770986412318 3.64826 5
1770986505333 3.61095 6
1770986599351 3.67285 7
1770986692440 3.61373 8
1770986828316 3.6913 9
1770986922292 3.6509 10
1770987067120 3.60217 11
1770987160092 3.54482 12
1770987253844 3.51 13
1770987347054 3.45396 14
1770987440497 3.3527 15
1770987533712 3.37341 16
1770987626821 3.35899 17
1770987720088 3.24799 18
1770987813046 3.21902 19
1770987918625 3.18121 20
1770988011831 3.15077 21
1770988105878 3.10151 22
1770988200051 3.07849 23
1770988293997 3.08771 24
1770988388114 3.03273 25
1770988482202 3.00007 26
1770988601328 2.99882 27
1770988704890 2.95145 28
1770988842972 2.84625 29
1770988936416 2.71312 30
1770989029502 2.57145 31
1770989122737 2.335 32
1770989216183 2.23312 33
1770989309317 2.21133 34
1770989428187 2.2042 35
1770989547121 2.12466 36
1770989640231 2.09272 37
1770989733367 2.15207 38
1770989826504 2.15566 39
1770989919630 2.09602 40
1770990012674 2.09758 41
1770990106077 2.10707 42
1770990213138 2.04355 43
1770990319338 2.04946 44
1770990412284 2.04541 45
1770990505584 2.07385 46
1770990598870 2.02334 47
1770990691895 1.99804 48
1770990784961 2.05779 49
1770990878079 2.04439 50
1770990971065 2.05244 51
1770991102552 2.04524 52
1770991195985 2.04024 53
1770991289132 2.03698 54
1770991383277 2.00545 55
1770991476272 1.99429 56
1770991569899 2.01645 57
1770991663159 1.97495 58
1770991782173 2.01597 59
1770991901131 1.93555 60
1770992052212 1.96092 61
1770992145079 1.94561 62
1770992241788 1.95058 63
1770992334970 2.00154 64
1770992428279 1.93251 65
1770992521449 1.95763 66
1770992614313 1.99018 67
1770992707673 1.98048 68
1770992800729 1.91089 69
1770992893987 1.90485 70
1770992987101 1.93337 71
1770993080366 1.94019 72
1770993173837 1.92439 73
1770993267016 1.85818 74
1770993360921 1.8958 75
1770993454151 1.91246 76
1770993547074 1.89446 77
1770993640317 1.88659 78
1770993733562 1.8987 79
1770993827025 1.85878 80
1770993920348 1.87707 81
1770994013598 1.82478 82
1770994132736 1.86708 83
1770994252039 1.81577 84
1770994350572 1.82536 85
1770994443873 1.84595 86
1770994537423 1.80729 87
1770994630638 1.81819 88
1770994723796 1.86336 89
1770994865038 1.7114 90
1770994957615 1.67498 91
1770995050530 1.66091 92
1770995143475 1.65695 93
1770995236289 1.63732 94
1770995329213 1.63401 95
1770995422027 1.62695 96
1770995514821 1.63126 97
1770995607700 1.59336 98
1770995700404 1.62799 99
