1770945200697 0.0 0
1770945209934 0.0 1
1770945219974 0.0 2
1770945230257 0.0 3
1770945245864 0.00701 4
1770945260716 0.00598 5
1770945271375 0.01019 6
1770945280477 0.03994 7
1770945302337 0.04412 8
1770945311637 0.05262 9
1770945321314 0.03414 10
1770945330535 0.02364 11
1770945339642 0.01946 12
1770945349055 0.05173 13
1770945358433 0.05267 14
1770945367538 0.06704 15
1770945378056 0.06301 16
1770945387265 0.09953 17
1770945398248 0.10159 18
1770945407216 0.0981 19
1770945416220 0.09374 20
1770945425230 0.09952 21
1770945434339 0.12368 22
1770945446143 0.12857 23
1770945454996 0.09325 24
1770945463983 0.11739 25
1770945477951 0.12767 26
1770945486962 0.14854 27
1770945495832 0.14701 28
1770945504787 0.14759 29
1770945513632 0.13894 30
1770945522851 0.1489 31
1770945531889 0.15609 32
1770945542733 0.15287 33
1770945551865 0.15704 34
1770945560965 0.12941 35
1770945569769 0.14174 36
1770945578861 0.15959 37
1770945588177 0.16596 38
1770945597168 0.15134 39
1770945606351 0.14011 40
1770945619525 0.16923 41
1770945628474 0.17436 42
1770945639203 0.16537 43
1770945648325 0.16683 44
1770945657498 0.17844 45
1770945671663 0.16499 46
1770945681636 0.17077 47
1770945695133 0.1919 48
1770945704303 0.18958 49
1770945713476 0.18283 50
1770945722463 0.18575 51
1770945731834 0.18898 52
1770945741128 0.20266 53
1770945750166 0.17971 54
1770945759442 0.20282 55
1770945768938 0.19169 56
1770945778161 0.19879 57
1770945787449 0.19729 58
1770945797082 0.19909 59
1770945809126 0.1969 60
1770945818033 0.20417 61
1770945827677 0.21462 62
1770945836689 0.21103 63
1770945845885 0.19063 64
1770945854873 0.20066 65
1770945864032 0.21437 66
1770945872986 0.19742 67
1770945882022 0.21154 68
1770945903486 0.21148 69
1770945912548 0.22785 70
1770945921427 0.23061 71
1770945930480 0.2209 72
1770945939723 0.22865 73
1770945948939 0.23426 74
1770945957892 0.23134 75
1770945966775 0.23353 76
1770945976038 0.23845 77
1770945985061 0.24941 78
1770945994218 0.2507 79
1770946004109 0.25462 80
1770946013202 0.24294 81
1770946022017 0.25385 82
1770946031204 0.25247 83
1770946040500 0.26241 84
1770946049614 0.2527 85
1770946061088 0.25269 86
1770946070294 0.25906 87
1770946079247 0.25947 88
1770946088292 0.25413 89
1770946158827 0.25495 90
1770946167379 0.25226 91
1770946175879 0.23725 92
1770946184260 0.23253 93
1770946192536 0.25677 94
1770946200757 0.26079 95
1770946208978 0.26011 96
1770946217396 0.25856 97
1770946225808 0.2517 98
1770946234244 0.25531 99
1770946236968 0.2585151439757578 99
