1770945200697 0.0 0
1770945209934 0.0 1
1770945219974 0.0 2
1770945230257 0.0 3
1770945245864 0.00172 4
1770945260716 0.00169 5
1770945271375 0.00269 6
1770945280477 0.0096 7
1770945302337 0.01062 8
1770945311637 0.01248 9
1770945321314 0.00803 10
1770945330535 0.00587 11
1770945339642 0.00534 12
1770945349055 0.01331 13
1770945358433 0.01282 14
1770945367538 0.01671 15
1770945378056 0.01515 16
1770945387265 0.02658 17
1770945398248 0.02709 18
1770945407216 0.0261 19
1770945416220 0.02528 20
1770945425230 0.02847 21
1770945434339 0.03639 22
1770945446143 0.03511 23
1770945454996 0.02551 24
1770945463983 0.03381 25
1770945477951 0.03571 26
1770945486962 0.04202 27
1770945495832 0.0424 28
1770945504787 0.04182 29
1770945513632 0.04172 30
1770945522851 0.04158 31
1770945531889 0.04369 32
1770945542733 0.04527 33
1770945551865 0.04683 34
1770945560965 0.03618 35
1770945569769 0.03882 36
1770945578861 0.04621 37
1770945588177 0.04911 38
1770945597168 0.04667 39
1770945606351 0.04326 40
1770945619525 0.05281 41
1770945628474 0.05335 42
1770945639203 0.05082 43
1770945648325 0.05033 44
1770945657498 0.05473 45
1770945671663 0.04994 46
1770945681636 0.05199 47
1770945695133 0.0588 48
1770945704303 0.06019 49
1770945713476 0.05674 50
1770945722463 0.05646 51
1770945731834 0.06358 52
1770945741128 0.06416 53
1770945750166 0.05662 54
1770945759442 0.06235 55
1770945768938 0.05987 56
1770945778161 0.06385 57
1770945787449 0.0639 58
1770945797082 0.06659 59
1770945809126 0.068 60
1770945818033 0.07037 61
1770945827677 0.06768 62
1770945836689 0.06984 63
1770945845885 0.05879 64
1770945854873 0.06982 65
1770945864032 0.07055 66
1770945872986 0.06875 67
1770945882022 0.07045 68
1770945903486 0.07187 69
1770945912548 0.07516 70
1770945921427 0.0773 71
1770945930480 0.07453 72
1770945939723 0.0789 73
1770945948939 0.08071 74
1770945957892 0.07522 75
1770945966775 0.07794 76
1770945976038 0.07376 77
1770945985061 0.08485 78
1770945994218 0.08275 79
1770946004109 0.08439 80
1770946013202 0.08387 81
1770946022017 0.08351 82
1770946031204 0.08755 83
1770946040500 0.08871 84
1770946049614 0.08622 85
1770946061088 0.08567 86
1770946070294 0.08738 87
1770946079247 0.08893 88
1770946088292 0.08817 89
1770946158827 0.08519 90
1770946167379 0.08296 91
1770946175879 0.0793 92
1770946184260 0.07247 93
1770946192536 0.08013 94
1770946200757 0.08489 95
1770946208978 0.08889 96
1770946217396 0.08768 97
1770946225808 0.08667 98
1770946234244 0.08824 99
1770946236968 0.08878197757297365 99
