1770945200697 0.0 0
1770945209934 0.0 1
1770945219974 0.0 2
1770945230257 0.0 3
1770945245864 0.01371 4
1770945260716 0.01091 5
1770945271375 0.01848 6
1770945280477 0.05273 7
1770945302337 0.05636 8
1770945311637 0.0603 9
1770945321314 0.04667 10
1770945330535 0.03727 11
1770945339642 0.03424 12
1770945349055 0.09208 13
1770945358433 0.05545 14
1770945367538 0.09809 15
1770945378056 0.1013 16
1770945387265 0.15615 17
1770945398248 0.14868 18
1770945407216 0.15712 19
1770945416220 0.14934 20
1770945425230 0.15596 21
1770945434339 0.16983 22
1770945446143 0.17328 23
1770945454996 0.15202 24
1770945463983 0.1582 25
1770945477951 0.17282 26
1770945486962 0.18108 27
1770945495832 0.17691 28
1770945504787 0.18563 29
1770945513632 0.19671 30
1770945522851 0.18854 31
1770945531889 0.19732 32
1770945542733 0.19663 33
1770945551865 0.18852 34
1770945560965 0.18522 35
1770945569769 0.18313 36
1770945578861 0.19677 37
1770945588177 0.20195 38
1770945597168 0.18919 39
1770945606351 0.1835 40
1770945619525 0.20499 41
1770945628474 0.20899 42
1770945639203 0.20647 43
1770945648325 0.20215 44
1770945657498 0.20981 45
1770945671663 0.20343 46
1770945681636 0.21275 47
1770945695133 0.21964 48
1770945704303 0.22891 49
1770945713476 0.21587 50
1770945722463 0.21865 51
1770945731834 0.22131 52
1770945741128 0.23228 53
1770945750166 0.21928 54
1770945759442 0.22471 55
1770945768938 0.22727 56
1770945778161 0.22853 57
1770945787449 0.22355 58
1770945797082 0.23079 59
1770945809126 0.22826 60
1770945818033 0.23988 61
1770945827677 0.24329 62
1770945836689 0.23782 63
1770945845885 0.24105 64
1770945854873 0.23904 65
1770945864032 0.2418 66
1770945872986 0.22801 67
1770945882022 0.24601 68
1770945903486 0.26716 69
1770945912548 0.25953 70
1770945921427 0.26196 71
1770945930480 0.25412 72
1770945939723 0.259 73
1770945948939 0.28914 74
1770945957892 0.256 75
1770945966775 0.24871 76
1770945976038 0.2659 77
1770945985061 0.27809 78
1770945994218 0.28162 79
1770946004109 0.32224 80
1770946013202 0.2754 81
1770946022017 0.2801 82
1770946031204 0.28945 83
1770946040500 0.30775 84
1770946049614 0.29548 85
1770946061088 0.27245 86
1770946070294 0.28137 87
1770946079247 0.29101 88
1770946088292 0.27483 89
1770946158827 0.2994 90
1770946167379 0.2854 91
1770946175879 0.26823 92
1770946184260 0.24691 93
1770946192536 0.26195 94
1770946200757 0.26656 95
1770946208978 0.267 96
1770946217396 0.26702 97
1770946225808 0.26289 98
1770946234244 0.26234 99
1770946236968 0.2875869208016302 99
