1770945200697 0.0 0
1770945209934 0.0 1
1770945219974 0.0 2
1770945230257 0.0 3
1770945245864 0.01589 4
1770945260716 0.03364 5
1770945271375 0.05701 6
1770945280477 0.16262 7
1770945302337 0.17383 8
1770945311637 0.18598 9
1770945321314 0.14393 10
1770945330535 0.11495 11
1770945339642 0.10561 12
1770945349055 0.17664 13
1770945358433 0.17103 14
1770945367538 0.21869 15
1770945378056 0.19533 16
1770945387265 0.25981 17
1770945398248 0.24486 18
1770945407216 0.23832 19
1770945416220 0.21308 20
1770945425230 0.23458 21
1770945434339 0.3 22
1770945446143 0.29159 23
1770945454996 0.22523 24
1770945463983 0.25888 25
1770945477951 0.26849 26
1770945486962 0.30374 27
1770945495832 0.28785 28
1770945504787 0.30187 29
1770945513632 0.27477 30
1770945522851 0.31028 31
1770945531889 0.31545 32
1770945542733 0.31028 33
1770945551865 0.30841 34
1770945560965 0.2628 35
1770945569769 0.2972 36
1770945578861 0.32056 37
1770945588177 0.31171 38
1770945597168 0.30561 39
1770945606351 0.28598 40
1770945619525 0.34112 41
1770945628474 0.33458 42
1770945639203 0.31308 43
1770945648325 0.3215 44
1770945657498 0.34486 45
1770945671663 0.33084 46
1770945681636 0.31682 47
1770945695133 0.34486 48
1770945704303 0.34393 49
1770945713476 0.33738 50
1770945722463 0.33925 51
1770945731834 0.34053 52
1770945741128 0.3785 53
1770945750166 0.34579 54
1770945759442 0.36542 55
1770945768938 0.35888 56
1770945778161 0.37196 57
1770945787449 0.34766 58
1770945797082 0.35607 59
1770945809126 0.36075 60
1770945818033 0.36075 61
1770945827677 0.39907 62
1770945836689 0.38972 63
1770945845885 0.33271 64
1770945854873 0.37383 65
1770945864032 0.40093 66
1770945872986 0.35327 67
1770945882022 0.36317 68
1770945903486 0.32056 69
1770945912548 0.39065 70
1770945921427 0.37383 71
1770945930480 0.35701 72
1770945939723 0.36355 73
1770945948939 0.35421 74
1770945957892 0.38318 75
1770945966775 0.39533 76
1770945976038 0.3757 77
1770945985061 0.38411 78
1770945994218 0.3729 79
1770946004109 0.32243 80
1770946013202 0.35234 81
1770946022017 0.38972 82
1770946031204 0.36355 83
1770946040500 0.35701 84
1770946049614 0.35514 85
1770946061088 0.4 86
1770946070294 0.38505 87
1770946079247 0.37944 88
1770946088292 0.39626 89
1770946158827 0.36355 90
1770946167379 0.36654 91
1770946175879 0.36542 92
1770946184260 0.39159 93
1770946192536 0.4028 94
1770946200757 0.4271 95
1770946208978 0.42523 96
1770946217396 0.42617 97
1770946225808 0.40187 98
1770946234244 0.41215 99
1770946236968 0.3775700934579439 99
