1773509664086 0.00021 0
1773509683391 0.000421486 1
1773509701454 0.00062426 2
1773509719457 0.0008183219999999999 3
1773509753955 0.0009208 4
1773509782765 0.000901 5
1773509805470 0.0008812 6
1773509827283 0.0008614 7
1773509845268 0.0008416000000000001 8
1773509863316 0.0008218000000000001 9
1773509881443 0.0008020000000000001 10
1773509899491 0.0007822 11
1773509917514 0.0007624 12
1773509935576 0.0007426 13
1773509953680 0.0007228 14
1773509971759 0.000703 15
1773509989854 0.0006831999999999999 16
