1773510498841 0.0 0
1773510517389 0.0 1
1773510537769 0.0 2
1773510592729 0.0 3
1773510611170 0.0 4
1773510629752 0.0 5
1773510649259 0.0 6
1773510673169 0.0 7
1773510705321 0.0 8
1773510789207 0.0 9
1773510915515 0.0 10
1773511027821 0.0 11
1773511187648 0.0 12
1773511384398 0.0 13
1773511665068 0.0 14
1773511900580 0.0 15
1773511931003 0.0 16
1773511964030 0.0 17
1773511997316 0.0 18
1773512029770 0.0 19
1773512060916 0.0 20
1773512092319 0.0 21
1773512138368 0.0 22
1773512170892 0.0 23
1773512198849 0.0 24
1773512236606 0.0 25
1773512283644 0.0 26
1773512324566 0.0 27
1773512374618 0.0 28
1773512425142 0.0 29
1773512488352 0.0 30
1773512555047 0.0 31
1773512625365 0.0 32
1773512701569 0.0 33
1773512740292 0.0 34
1773512778528 0.0 35
1773512816398 0.0 36
1773512854117 0.0 37
1773512892129 0.0 38
1773512930271 0.0 39
1773512967679 0.0 40
1773513007071 0.0 41
1773513045915 0.0 42
1773513087021 0.0 43
1773513128861 0.0 44
1773513169960 0.0 45
1773513211242 0.0 46
1773513260467 0.0 47
1773513308240 0.0 48
1773513352522 0.0 49
1773513395138 0.0 50
1773513438816 0.0 51
1773513478197 0.0 52
1773513519901 0.0 53
1773513558597 0.0 54
1773513596761 0.0 55
1773513634480 0.0 56
1773513672630 0.0 57
1773513710640 0.0 58
1773513748685 0.0 59
1773513788651 0.0 60
1773513827180 0.0 61
1773513865824 0.0 62
1773513906312 0.0 63
1773513946686 0.0 64
1773513986369 0.0 65
1773514027716 0.0 66
1773514069679 0.0 67
1773514111873 0.0 68
1773514152723 0.0 69
1773514207648 0.0 70
1773514247319 0.0 71
1773514288428 0.0 72
1773514331288 0.0 73
1773514373889 0.0 74
1773514416698 0.0 75
1773514458968 0.0 76
1773514500922 0.0 77
1773514543239 0.0 78
1773514585833 0.0 79
1773514629971 0.0 80
1773514674933 0.0 81
1773514716289 0.0 82
1773514758162 0.0 83
1773514799083 0.0 84
1773514840492 0.0 85
1773514882840 0.0 86
1773514924747 0.0 87
1773514965822 0.0 88
1773515006882 0.0 89
1773515091068 0.0 90
1773515151118 0.0 91
1773515185308 0.0 92
1773515212249 0.0 93
1773515231767 0.0 94
1773515262690 0.0 95
1773515303763 0.0 96
1773515343753 0.0 97
1773515386091 0.0 98
1773515428839 0.0 99
1773515435278 0.0 99
