1770945199418 0.0018000000000000002 0
1770945209250 0.00366337 1
1770945218720 0.00548912 2
1770945229136 0.00727725 3
1770945244229 0.00902776 4
1770945259588 0.009505 5
1770945269514 0.009406 6
1770945279758 0.009307 7
1770945301066 0.009208000000000001 8
1770945310826 0.009109 9
1770945320511 0.00901 10
1770945329834 0.008911 11
1770945338971 0.008812 12
1770945348333 0.008713 13
1770945357711 0.008614 14
1770945366823 0.008515 15
1770945377303 0.008416 16
1770945386569 0.008317 17
1770945397463 0.008218000000000001 18
1770945406543 0.008119000000000001 19
1770945415547 0.008020000000000001 20
1770945424553 0.007921000000000001 21
1770945433624 0.007822 22
1770945445389 0.007723 23
1770945454293 0.007624 24
1770945463272 0.007525 25
1770945477214 0.007426 26
1770945486260 0.007327 27
1770945495121 0.007228 28
1770945504118 0.007129 29
1770945512922 0.00703 30
1770945522182 0.006931 31
1770945531187 0.0068319999999999995 32
1770945541982 0.006732999999999999 33
1770945551108 0.006633999999999999 34
1770945560260 0.006535 35
1770945569101 0.006436000000000001 36
1770945578168 0.006337000000000001 37
1770945587408 0.0062380000000000005 38
1770945596495 0.006139 39
1770945605631 0.00604 40
1770945618707 0.005941000000000001 41
1770945627716 0.005842000000000001 42
1770945638417 0.005743000000000001 43
1770945647605 0.005644000000000001 44
1770945656771 0.0055450000000000004 45
1770945670797 0.005446000000000001 46
1770945680874 0.005347000000000001 47
1770945694258 0.005248000000000001 48
1770945703556 0.005149 49
1770945712775 0.00505 50
1770945721760 0.004951 51
1770945731075 0.0048519999999999995 52
1770945740349 0.004753 53
1770945749465 0.004654 54
1770945758777 0.004555 55
1770945768200 0.004456 56
1770945777273 0.004357000000000001 57
1770945786735 0.0042580000000000005 58
1770945796309 0.004159 59
1770945808327 0.00406 60
1770945817311 0.003961 61
1770945826939 0.003862 62
1770945835998 0.0037630000000000003 63
1770945845188 0.003664 64
1770945854167 0.003565 65
1770945863297 0.003466 66
1770945872316 0.0033669999999999993 67
1770945881364 0.003268 68
1770945902611 0.003169000000000001 69
1770945911854 0.0030700000000000007 70
1770945920736 0.0029710000000000006 71
1770945929785 0.002872 72
1770945939026 0.0027730000000000007 73
1770945948242 0.002674 74
1770945957228 0.002575 75
1770945966097 0.002476 76
1770945975331 0.002377 77
1770945984369 0.0022779999999999996 78
1770945993520 0.002179 79
1770946003396 0.00208 80
1770946012471 0.0019809999999999993 81
1770946021305 0.0018820000000000006 82
1770946030496 0.0017830000000000005 83
1770946039822 0.0016840000000000006 84
1770946048929 0.0015850000000000003 85
1770946060328 0.0014860000000000001 86
1770946069599 0.0013870000000000002 87
1770946078572 0.001288 88
1770946087585 0.0011889999999999997 89
1770946156249 0.0010899999999999998 90
1770946166613 0.0009909999999999997 91
1770946175086 0.0008919999999999996 92
1770946183563 0.0007929999999999994 93
1770946192004 0.0006940000000000005 94
1770946200217 0.0005950000000000005 95
1770946208457 0.0004960000000000005 96
1770946216724 0.00039700000000000027 97
1770946225154 0.0002980000000000002 98
1770946233575 0.0001990000000000001 99
