0 0.13125 0.3984375 0.134375 0.3984375 0.1375 0.4140625 0.1375 0.45 0.134375 0.45 0.13125 0.4453125 0.13125 0.4375 0.125 0.4171875 0.1265625 0.4046875 0.13125 0.4
0 0.390625 0.58125 0.396875 0.5921875 0.3984375 0.6 0.3984375 0.6375 0.4 0.6390625 0.3984375 0.64375 0.3921875 0.640625 0.3859375 0.640625 0.3890625 0.628125 0.3875 0.5890625 0.390625 0.5828125
0 0.2875 0.48125 0.290625 0.48125 0.2953125 0.4875 0.296875 0.49375 0.2953125 0.5078125 0.2984375 0.521875 0.3015625 0.525 0.3 0.5328125 0.2953125 0.5265625 0.2890625 0.5234375 0.2859375 0.496875 0.2875 0.4828125
0 0.3625 0.4421875 0.3609375 0.4109375 0.3640625 0.4 0.3671875 0.403125 0.36875 0.4125 0.3671875 0.440625 0.3640625 0.4421875
0 0.171875 0.671875 0.175 0.675 0.1828125 0.6953125 0.18125 0.7171875 0.1859375 0.7359375 0.1859375 0.7453125 0.1890625 0.7484375 0.1875 0.753125 0.18125 0.7515625 0.18125 0.7484375 0.175 0.740625 0.1734375 0.71875 0.16875 0.7125 0.165625 0.6953125 0.165625 0.6875 0.1703125 0.68125 0.171875 0.6734375
0 0.1578125 0.41875 0.1609375 0.41875 0.1671875 0.425 0.16875 0.4296875 0.16875 0.4390625 0.1640625 0.4453125 0.1640625 0.4515625 0.1578125 0.4484375 0.1578125 0.4203125
0 0.3578125 0.625 0.3640625 0.6359375 0.3671875 0.6375 0.36875 0.6453125 0.3640625 0.6859375 0.3640625 0.6921875 0.3671875 0.6953125 0.3671875 0.7046875 0.3625 0.7046875 0.3609375 0.6859375 0.35625 0.671875 0.3546875 0.6515625 0.3515625 0.64375 0.3578125 0.6265625
0 0.5453125 0.7 0.5484375 0.7 0.5546875 0.7078125 0.5546875 0.76875 0.5515625 0.76875 0.5484375 0.7640625 0.546875 0.734375 0.5421875 0.725 0.5453125 0.7015625
0 0.2515625 0.6609375 0.2546875 0.6640625 0.2546875 0.6703125 0.2609375 0.6765625 0.2609375 0.709375 0.259375 0.7109375 0.2609375 0.753125 0.259375 0.75625 0.2546875 0.7484375 0.25 0.75625 0.246875 0.7515625 0.246875 0.7234375 0.2453125 0.721875 0.246875 0.703125 0.24375 0.6921875 0.246875 0.6828125 0.246875 0.6625 0.25 0.6609375
0 0.5609375 0.7125 0.5671875 0.725 0.5671875 0.775 0.565625 0.7765625 0.5609375 0.7765625 0.55625 0.7734375 0.55625 0.7484375 0.553125 0.74375 0.5546875 0.721875 0.55625 0.7140625 0.559375 0.7125
0 0.3515625 0.403125 0.3546875 0.403125 0.359375 0.4125 0.359375 0.4453125 0.3578125 0.4484375 0.353125 0.4484375 0.35 0.425 0.3515625 0.4046875
0 0.4421875 0.5828125 0.44375 0.5859375 0.4484375 0.5875 0.4546875 0.6 0.4546875 0.6203125 0.45625 0.621875 0.4546875 0.63125 0.45625 0.653125 0.4546875 0.6578125 0.45 0.6578125 0.4484375 0.64375 0.44375 0.6375 0.4484375 0.6328125 0.44375 0.628125 0.44375 0.6015625 0.4421875 0.6 0.44375 0.5921875 0.440625 0.5859375 0.4421875 0.584375
0 0.5265625 0.634375 0.5296875 0.634375 0.5328125 0.65 0.534375 0.6890625 0.5296875 0.6953125 0.5296875 0.7 0.515625 0.703125 0.51875 0.7 0.51875 0.65 0.5265625 0.6359375
0 0.425 0.5765625 0.434375 0.5921875 0.4328125 0.6078125 0.434375 0.640625 0.4328125 0.64375 0.4265625 0.6375 0.4265625 0.6125 0.41875 0.596875 0.41875 0.5921875 0.421875 0.5875 0.421875 0.578125 0.4234375 0.578125
0 0.4125 0.596875 0.41875 0.596875 0.4234375 0.6015625 0.428125 0.6234375 0.425 0.6296875 0.4265625 0.65 0.425 0.653125 0.41875 0.653125 0.41875 0.6296875 0.415625 0.6265625 0.4171875 0.6078125 0.4125 0.5984375