0 0.3125 0.634375 0.321875 0.64375 0.325 0.6546875 0.3203125 0.7125 0.3171875 0.7140625 0.3125 0.7125 0.3125 0.6828125 0.3109375 0.675 0.30625 0.6671875 0.30625 0.6453125 0.3125 0.640625 0.3125 0.6359375
0 0.234375 0.55 0.2359375 0.565625 0.23125 0.575 0.2328125 0.578125 0.2296875 0.5859375 0.2296875 0.5984375 0.2265625 0.6 0.2234375 0.5984375 0.2234375 0.5921875 0.21875 0.5859375 0.21875 0.56875 0.2234375 0.5640625 0.2296875 0.5515625 0.2328125 0.55
0 0.2953125 0.45 0.2984375 0.4578125 0.296875 0.4671875 0.2984375 0.475 0.29375 0.50625 0.2875 0.503125 0.2875 0.48125 0.2859375 0.4796875 0.2875 0.4578125 0.290625 0.4515625 0.29375 0.45
0 0.20625 0.5171875 0.2109375 0.525 0.2109375 0.5359375 0.20625 0.54375 0.20625 0.565625 0.2078125 0.5671875 0.20625 0.5859375 0.2015625 0.5859375 0.2 0.58125 0.1984375 0.5546875 0.1953125 0.546875 0.2 0.525 0.20625 0.51875
0 0.3140625 0.628125 0.315625 0.640625 0.30625 0.6515625 0.30625 0.6640625 0.3109375 0.675 0.3109375 0.703125 0.309375 0.7046875 0.3046875 0.703125 0.303125 0.684375 0.3 0.68125 0.3 0.6515625 0.3078125 0.63125 0.3125 0.628125
0 0.1921875 0.53203125 0.01015625 0.0609375
0 0.16171875 0.6453125 0.02109375 0.08125
0 0.2921875 0.446875 0.2953125 0.446875 0.3 0.45625 0.2984375 0.4578125 0.3 0.4984375 0.296875 0.4984375 0.29375 0.4765625 0.2953125 0.475 0.29375 0.45625 0.290625 0.453125 0.2921875 0.4484375
0 0.2375 0.56875 0.2421875 0.5703125 0.240625 0.6 0.2375 0.6015625 0.234375 0.596875 0.23125 0.596875 0.23125 0.575 0.2328125 0.5703125 0.2359375 0.56875
0 0.196875 0.53125 0.1953125 0.5296875 0.196875 0.5 0.203125 0.4984375 0.2046875 0.5109375 0.2078125 0.515625 0.20625 0.521875 0.1984375 0.5296875
0 0.23125 0.59375 0.2375 0.5984375 0.2390625 0.609375 0.2421875 0.6140625 0.2421875 0.6390625 0.2453125 0.6484375 0.2453125 0.659375 0.2421875 0.6671875 0.2390625 0.6671875 0.234375 0.6609375 0.2296875 0.6625 0.2265625 0.659375 0.2265625 0.634375 0.225 0.625 0.221875 0.6203125 0.221875 0.6125 0.225 0.6015625 0.23125 0.5953125
0 0.2171875 0.5171875 0.221875 0.51875 0.221875 0.525 0.2171875 0.53125 0.2203125 0.54375 0.2171875 0.55 0.2171875 0.5796875 0.2125 0.590625 0.20625 0.5609375 0.20625 0.54375 0.2109375 0.534375 0.2109375 0.528125 0.2171875 0.51875
0 0.26875 0.4546875 0.2734375 0.465625 0.2734375 0.5078125 0.26875 0.5078125 0.2625 0.496875 0.2578125 0.49375 0.2609375 0.4828125 0.2609375 0.4640625 0.2640625 0.45625 0.2671875 0.4546875
0 0.5234375 0.7109375 0.5296875 0.7125 0.5328125 0.7234375 0.5328125 0.7265625 0.5296875 0.728125 0.5265625 0.734375 0.525 0.746875 0.515625 0.740625 0.515625 0.7328125 0.521875 0.725 0.5234375 0.7125
0 0.175 0.6078125 0.184375 0.6140625 0.1890625 0.625 0.1890625 0.6484375 0.190625 0.65 0.1890625 0.6703125 0.184375 0.671875 0.18125 0.6671875 0.18125 0.6609375 0.1796875 0.659375 0.175 0.6609375 0.175 0.65625 0.178125 0.6546875 0.178125 0.6515625 0.175 0.6484375 0.1734375 0.6296875 0.16875 0.6203125 0.1703125 0.609375 0.1734375 0.609375
0 0.2546875 0.453125 0.259375 0.4625 0.2578125 0.4859375 0.25 0.4828125 0.25 0.4625 0.253125 0.4546875
0 0.5421875 0.703125 0.5484375 0.7125 0.5484375 0.73125 0.546875 0.7328125 0.54375 0.73125 0.540625 0.725 0.5328125 0.7234375 0.5328125 0.7171875 0.5375 0.709375 0.5375 0.7046875 0.540625 0.703125
0 0.2125 0.6953125 0.215625 0.6953125 0.2171875 0.7015625 0.2234375 0.7046875 0.2234375 0.709375 0.2296875 0.721875 0.2296875 0.75625 0.23125 0.7578125 0.2296875 0.7625 0.215625 0.7625 0.2140625 0.7578125 0.2140625 0.7421875 0.209375 0.7234375 0.2125 0.696875