0 0.2546875 0.5515625 0.2578125 0.55625 0.2609375 0.5765625 0.259375 0.5796875 0.2546875 0.5796875 0.2515625 0.584375 0.2484375 0.584375 0.246875 0.5765625 0.246875 0.559375 0.2546875 0.553125
0 0.446875 0.58125 0.4546875 0.58125 0.4546875 0.5859375 0.459375 0.5921875 0.4578125 0.6359375 0.45625 0.640625 0.453125 0.6421875 0.4484375 0.6078125 0.45 0.6 0.4484375 0.5828125
0 0.775 0.9125 0.7765625 0.9046875 0.7796875 0.9015625 0.78125 0.890625 0.7875 0.8921875 0.7921875 0.9046875 0.7921875 0.9125 0.7765625 0.9125
0 0.70625 0.775 0.7109375 0.7796875 0.7109375 0.796875 0.709375 0.7984375 0.7109375 0.8171875 0.7078125 0.8265625 0.7078125 0.8390625 0.69375 0.8359375 0.6953125 0.8 0.7 0.796875 0.7046875 0.7765625
0 0.55625 0.7265625 0.5578125 0.7328125 0.5671875 0.7453125 0.56875 0.771875 0.565625 0.7765625 0.5546875 0.7734375 0.55 0.76875 0.55 0.73125 0.5546875 0.7265625
0 0.2578125 0.61484375 0.01640625 0.071875
0 0.390625 0.6296875 0.3953125 0.63125 0.4015625 0.64375 0.4015625 0.65 0.3984375 0.6546875 0.396875 0.6796875 0.3921875 0.6921875 0.390625 0.69375 0.3890625 0.6921875 0.3890625 0.675 0.384375 0.653125 0.384375 0.640625 0.390625 0.63125
0 0.4625 0.625 0.4671875 0.63125 0.4671875 0.653125 0.465625 0.6546875 0.4671875 0.6796875 0.4640625 0.6859375 0.4625 0.6984375 0.4609375 0.7 0.45625 0.6953125 0.45625 0.6390625 0.4625 0.6265625
0 0.45 0.2484375 0.453125 0.259375 0.4515625 0.2671875 0.446875 0.2671875 0.4453125 0.2625 0.4453125 0.25 0.4484375 0.2484375
0 0.703125 0.7640625 0.7046875 0.7765625 0.696875 0.8 0.690625 0.7953125 0.6890625 0.784375 0.696875 0.7671875 0.7015625 0.7640625
0 0.3 0.546875 0.3 0.5375 0.296875 0.5296875 0.3 0.51875 0.303125 0.5203125 0.3046875 0.5390625 0.3078125 0.546875 0.30625 0.5484375 0.3015625 0.546875
0 0.2671875 0.54375 0.2671875 0.546875 0.2734375 0.5546875 0.2734375 0.5984375 0.2671875 0.5859375 0.2625 0.5890625 0.2609375 0.559375 0.2625 0.5453125 0.265625 0.54375
0 0.4734375 0.634375 0.4765625 0.634375 0.4828125 0.6515625 0.4796875 0.675 0.478125 0.6734375 0.46875 0.678125 0.4671875 0.6515625 0.46875 0.640625 0.4734375 0.6359375
0 0.5296875 0.7 0.0171875 0.0625
0 0.4421875 0.58125 0.446875 0.5875 0.446875 0.6109375 0.4453125 0.6125 0.4484375 0.6203125 0.45 0.6515625 0.4484375 0.653125 0.4375 0.6515625 0.4375 0.628125 0.4359375 0.6125 0.4328125 0.6046875 0.4328125 0.5921875 0.440625 0.5828125
0 0.4984375 0.703125 0.5046875 0.7125 0.5078125 0.73125 0.5015625 0.7296875 0.496875 0.7234375 0.4875 0.7171875 0.4875 0.7078125 0.4921875 0.703125 0.496875 0.703125
0 0.6390625 0.8109375 0.653125 0.8203125 0.65625 0.828125 0.6515625 0.834375 0.6390625 0.8390625 0.6328125 0.8390625 0.63125 0.8296875 0.6265625 0.8203125 0.6265625 0.8125 0.6375 0.8109375