0 0.97890625 0.0140625 0.0421875 0.02734375
0 0.98515625 0.015625 0.0296875 0.03125
0 0.98046875 0.01484375 0.0390625 0.0296875
0 0.9703125 0.03046875 0.059375 0.0609375
0 0.98046875 0.02734375 0.0390625 0.0546875
0 0.99609375 0.0140625 0.0078125 0.02734375
0 0.9953125 0.01796875 0.009375 0.0359375
0 0.9890625 0.021875 0.02109375 0.04375
0 0.996875 0.0109375 0.00625 0.021875
0 0.98359375 0.0109375 0.0328125 0.021875
0 0.99453125 0.0125 0.0109375 0.025
0 0.97578125 0.02421875 0.0484375 0.04765625
0 0.9921875 0.0203125 0.015625 0.040625
0 0.99609375 0.015625 0.0078125 0.03125
0 0.990625 0.0203125 0.01875 0.040625
0 0.99609375 0.01015625 0.0078125 0.0203125
0 0.99296875 0.015625 0.0140625 0.03125
0 0.996875 0.0109375 0.00625 0.021875
0 0.9859375 0.0125 0.028125 0.025
0 0.9953125 0.0265625 0.009375 0.053125
0 0.9828125 0.04375 0.034375 0.0875
0 0.9953125 0.01171875 0.009375 0.0234375
0 0.99609375 0.01015625 0.0078125 0.0203125
0 0.97890625 0.0203125 0.0421875 0.040625
0 0.9875 0.02421875 0.025 0.04765625
0 0.9953125 0.01171875 0.009375 0.0234375
0 0.99609375 0.015625 0.0078125 0.03125
0 0.99453125 0.01171875 0.0109375 0.0234375
0 0.9875 0.03671875 0.025 0.0734375
0 0.9953125 0.01796875 0.009375 0.0359375
0 0.9890625 0.02265625 0.021875 0.0453125
0 0.98828125 0.02109375 0.0234375 0.0421875
0 0.99375 0.0140625 0.0125 0.02734375
0 0.9921875 0.02421875 0.01484375 0.04765625
0 0.996875 0.01015625 0.00625 0.0203125
0 0.9953125 0.0078125 0.009375 0.015625
0 0.99609375 0.0125 0.0078125 0.025
0 0.99453125 0.01640625 0.0109375 0.0328125
0 0.9953125 0.01875 0.009375 0.0375
0 0.996875 0.01953125 0.00625 0.03828125
0 0.99609375 0.009375 0.0078125 0.01875
0 0.9953125 0.01640625 0.009375 0.0328125
0 0.96953125 0.0171875 0.0609375 0.034375
0 0.9953125 0.01875 0.009375 0.0375
0 0.99375 0.009375 0.0125 0.01875
0 0.9921875 0.03046875 0.015625 0.0609375
0 0.99375 0.01171875 0.0125 0.0234375
0 0.9953125 0.01875 0.00859375 0.03671875
0 0.9953125 0.01328125 0.009375 0.0265625
0 0.9734375 0.03125 0.05234375 0.0625
0 0.9890625 0.02109375 0.02109375 0.0421875
0 0.9953125 0.01015625 0.00859375 0.0203125
0 0.996875 0.01015625 0.00625 0.0203125
0 0.99609375 0.0125 0.0078125 0.025
0 0.990625 0.01875 0.01875 0.03671875
0 0.996875 0.0171875 0.00625 0.034375
0 0.99609375 0.0140625 0.0078125 0.02734375
0 0.9953125 0.0203125 0.00859375 0.040625
0 0.9953125 0.01171875 0.009375 0.0234375
0 0.99453125 0.0203125 0.0109375 0.040625
0 0.9953125 0.015625 0.009375 0.03125
0 0.99375 0.015625 0.0125 0.03125
0 0.9890625 0.03046875 0.021875 0.0609375
0 0.99609375 0.0140625 0.0078125 0.02734375
0 0.9953125 0.015625 0.00859375 0.03125
0 0.9828125 0.03203125 0.034375 0.0640625
0 0.98359375 0.0171875 0.0328125 0.034375
0 0.9953125 0.009375 0.009375 0.01875
0 0.9953125 0.02109375 0.009375 0.0421875
0 0.9953125 0.02265625 0.009375 0.0453125
0 0.99609375 0.01171875 0.0078125 0.0234375
0 0.98203125 0.02421875 0.0359375 0.04765625
0 0.9953125 0.01484375 0.00859375 0.0296875
0 0.9953125 0.01484375 0.00859375 0.0296875
0 0.984375 0.03046875 0.03125 0.0609375
0 0.990625 0.0125 0.01875 0.025
0 0.99765625 0.015625 0.0046875 0.03125
0 0.9953125 0.01484375 0.009375 0.0296875
0 0.9953125 0.01484375 0.009375 0.0296875
0 0.99609375 0.0140625 0.0078125 0.02734375
0 0.99609375 0.0109375 0.0078125 0.021875
0 0.9953125 0.01484375 0.00859375 0.0296875
0 0.9921875 0.03046875 0.01484375 0.0609375
0 0.984375 0.03515625 0.03125 0.06953125
0 0.98359375 0.025 0.0328125 0.05
0 0.9890625 0.02578125 0.021875 0.0515625
0 0.990625 0.0171875 0.01875 0.034375
0 0.99765625 0.0109375 0.0046875 0.021875
0 0.99453125 0.0171875 0.0109375 0.034375
0 0.99609375 0.0171875 0.0078125 0.034375
0 0.99609375 0.00703125 0.0078125 0.0140625
0 0.9953125 0.01484375 0.00859375 0.0296875
0 0.9921875 0.01875 0.015625 0.0375
0 0.99609375 0.0109375 0.0078125 0.021875
0 0.990625 0.01640625 0.01875 0.0328125
0 0.9890625 0.02109375 0.02109375 0.0421875
0 0.99453125 0.0125 0.0109375 0.025
0 0.98203125 0.02265625 0.0359375 0.0453125
0 0.9953125 0.0109375 0.00859375 0.021875
0 0.975 0.0375 0.05 0.075
0 0.9953125 0.015625 0.00859375 0.03125
0 0.98203125 0.02109375 0.0359375 0.0421875
0 0.99765625 0.00703125 0.0046875 0.0140625
0 0.9953125 0.01484375 0.00859375 0.0296875
0 0.99453125 0.0125 0.0109375 0.025
0 0.9953125 0.01875 0.00859375 0.03671875
0 0.99453125 0.01640625 0.0109375 0.0328125
0 0.99453125 0.0125 0.0109375 0.025
0 0.99375 0.0140625 0.0125 0.02734375
0 0.9953125 0.015625 0.00859375 0.03125
0 0.99375 0.00546875 0.0125 0.0109375
0 0.9953125 0.0171875 0.009375 0.034375
0 0.99609375 0.01484375 0.0078125 0.0296875
0 0.9953125 0.0078125 0.009375 0.015625
0 0.9890625 0.02265625 0.021875 0.0453125
0 0.99375 0.00703125 0.0125 0.0140625
0 0.996875 0.0140625 0.00625 0.02734375
0 0.99296875 0.01171875 0.0140625 0.0234375
0 0.99765625 0.01015625 0.0046875 0.0203125
0 0.9953125 0.0203125 0.009375 0.040625
0 0.9875 0.01640625 0.025 0.0328125
0 0.99609375 0.01875 0.0078125 0.03671875
0 0.9953125 0.0140625 0.00859375 0.02734375
0 0.99375 0.01015625 0.0125 0.0203125
0 0.9953125 0.02109375 0.009375 0.0421875
0 0.99375 0.01484375 0.0125 0.0296875
0 0.996875 0.00703125 0.00625 0.0140625
0 0.99140625 0.0296875 0.0171875 0.05859375
0 0.99609375 0.01171875 0.0078125 0.0234375
0 0.996875 0.00390625 0.00625 0.00703125
0 0.978125 0.025 0.04375 0.05
0 0.9828125 0.02109375 0.034375 0.0421875
0 0.99609375 0.0140625 0.0078125 0.02734375
0 0.9953125 0.0125 0.009375 0.025
0 0.99609375 0.009375 0.0078125 0.01875
0 0.99609375 0.01171875 0.0078125 0.0234375
0 0.99609375 0.01640625 0.0078125 0.0328125
0 0.9921875 0.01015625 0.01484375 0.0203125
0 0.99609375 0.0046875 0.0078125 0.009375
0 0.9953125 0.015625 0.009375 0.03125
0 0.996875 0.01171875 0.00625 0.0234375
0 0.996875 0.00859375 0.00625 0.01640625
0 0.99375 0.0125 0.0125 0.025
0 0.9796875 0.0234375 0.040625 0.046875
0 0.9953125 0.0078125 0.009375 0.015625
0 0.9953125 0.0109375 0.009375 0.021875
0 0.98984375 0.0171875 0.0203125 0.034375
0 0.99765625 0.01015625 0.0046875 0.0203125
0 0.9875 0.01640625 0.025 0.0328125
0 0.99609375 0.01484375 0.0078125 0.0296875
0 0.9953125 0.0125 0.009375 0.025
0 0.98828125 0.0296875 0.0234375 0.05859375
0 0.98359375 0.01484375 0.0328125 0.0296875
0 0.98046875 0.0125 0.0390625 0.025
0 0.9890625 0.01796875 0.021875 0.0359375
0 0.99765625 0.00859375 0.0046875 0.01640625
0 0.9796875 0.03046875 0.040625 0.0609375
0 0.99609375 0.01171875 0.0078125 0.0234375
0 0.99375 0.00859375 0.0125 0.01640625
0 0.97109375 0.0359375 0.0578125 0.071875
0 0.99375 0.0125 0.0125 0.025
0 0.9953125 0.0109375 0.009375 0.021875
0 0.978125 0.0203125 0.04375 0.040625
0 0.96796875 0.03046875 0.0640625 0.0609375
0 0.9953125 0.01328125 0.009375 0.0265625
0 0.99609375 0.0171875 0.0078125 0.034375
0 0.9890625 0.02265625 0.021875 0.0453125
0 0.96328125 0.025 0.0734375 0.05
0 0.9953125 0.0140625 0.00859375 0.02734375
0 0.97890625 0.03125 0.0421875 0.0625
0 0.9828125 0.025 0.03359375 0.05
0 0.996875 0.0109375 0.00625 0.021875
0 0.97734375 0.0296875 0.0453125 0.05859375
0 0.98125 0.02265625 0.0375 0.0453125
0 0.9890625 0.03203125 0.021875 0.0640625
0 0.99140625 0.0203125 0.0171875 0.040625
0 0.996875 0.009375 0.00625 0.01875
0 0.99296875 0.00859375 0.0140625 0.01640625
0 0.990625 0.01953125 0.01875 0.03828125
0 0.9953125 0.0140625 0.00859375 0.02734375
0 0.98046875 0.01953125 0.0390625 0.03828125
0 0.53203125 0.61015625 0.02109375 0.05234375
0 0.56875 0.6609375 0.0171875 0.06015625
0 0.5125 0.6296875 0.015625 0.04296875
0 0.36875 0.7328125 0.01796875 0.05625
0 0.5484375 0.603125 0.015625 0.05625
0 0.39609375 0.72734375 0.021875 0.06328125
0 0.49921875 0.26796875 0.01015625 0.03125
0 0.6140625 0.6390625 0.01484375 0.06328125
0 0.35703125 0.79453125 0.0203125 0.05390625
0 0.33671875 0.79453125 0.02265625 0.06171875
0 0.80859375 0.70703125 0.02109375 0.0828125
0 0.7171875 0.73203125 0.01796875 0.0625
0 0.6953125 0.69921875 0.0234375 0.07578125
0 0.5546875 0.6578125 0.01640625 0.0671875
0 0.68203125 0.4890625 0.01171875 0.053125
0 0.4265625 0.7109375 0.015625 0.06015625
0 0.6953125 0.48359375 0.01328125 0.05078125
0 0.540625 0.65625 0.01796875 0.06015625
0 0.88515625 0.40078125 0.01171875 0.0265625
0 0.6046875 0.55546875 0.015625 0.04453125
0 0.74765625 0.72109375 0.01875 0.07421875
0 0.67421875 0.61875 0.01796875 0.07421875
0 0.76328125 0.38046875 0.0125 0.046875
0 0.340625 0.75234375 0.0171875 0.0625
0 0.4921875 0.6453125 0.01484375 0.0453125
0 0.58359375 0.56796875 0.01484375 0.03984375
0 0.64609375 0.640625 0.01796875 0.06796875
0 0.434375 0.69453125 0.0140625 0.0671875
0 0.50546875 0.27734375 0.01328125 0.04375
0 0.36640625 0.78203125 0.01953125 0.0625
0 0.6015625 0.71875 0.02265625 0.06328125
0 0.496875 0.30234375 0.01171875 0.04296875
0 0.63125 0.64609375 0.0234375 0.07265625
0 0.5734375 0.59140625 0.01484375 0.05
0 0.52578125 0.2734375 0.00859375 0.0359375
0 0.50703125 0.6828125 0.01796875 0.05546875
0 0.8375 0.68515625 0.02109375 0.08125
0 0.79765625 0.7328125 0.01953125 0.05546875
0 0.6625 0.71796875 0.01875 0.08125
0 0.71171875 0.65546875 0.01796875 0.06875
0 0.64453125 0.52890625 0.015625 0.053125
0 0.2796875 0.81640625 0.0171875 0.05078125
0 0.41328125 0.74609375 0.02265625 0.0703125
0 0.7390625 0.6453125 0.01875 0.07578125
0 0.721875 0.35625 0.0125 0.05546875
0 0.59765625 0.89609375 0.0203125 0.03203125
0 0.57734375 0.296875 0.00859375 0.03828125
0 0.69375 0.34140625 0.0125 0.03046875
0 0.575 0.896875 0.02421875 0.03359375
0 0.6859375 0.56796875 0.0140625 0.04140625
0 0.559375 0.9 0.0234375 0.02734375
0 0.665625 0.4390625 0.01328125 0.0484375
0 0.7125 0.47265625 0.01796875 0.053125
0 0.675 0.44609375 0.0125 0.03046875
0 0.73671875 0.58203125 0.0140625 0.04296875
0 0.4390625 0.88828125 0.021875 0.04609375
0 0.21171875 0.828125 0.01640625 0.04921875
0 0.45234375 0.73359375 0.02421875 0.06328125
0 0.61484375 0.4078125 0.0140625 0.05078125
0 0.540625 0.275 0.01328125 0.04375
0 0.30546875 0.80859375 0.01484375 0.05546875
0 0.24140625 0.82109375 0.0171875 0.05078125
0 0.71640625 0.63359375 0.01640625 0.03671875
0 0.15703125 0.81484375 0.01875 0.03671875
0 0.528125 0.20078125 0.00859375 0.0296875
0 0.4234375 0.903125 0.01953125 0.0171875
0 0.5921875 0.30234375 0.01171875 0.040625
0 0.56484375 0.29453125 0.01875 0.03828125
0 0.73828125 0.3609375 0.009375 0.02265625
0 0.85703125 0.52265625 0.02578125 0.05234375
0 0.83203125 0.55703125 0.021875 0.0453125
0 0.8734375 0.465625 0.015625 0.05546875
0 0.8390625 0.4546875 0.01640625 0.06328125
0 0.85625 0.45859375 0.01796875 0.04921875