0 0.5703125 0.6796875 0.5734375 0.678125 0.5765625 0.6703125 0.58125 0.6703125 0.5859375 0.6765625 0.5875 0.684375 0.5875 0.6921875 0.584375 0.7 0.5875 0.7203125 0.5796875 0.725 0.5796875 0.73125 0.5765625 0.734375 0.5703125 0.709375 0.5703125 0.69375 0.56875 0.6921875 0.5703125 0.68125
0 0.540625 0.5875 0.54375 0.5890625 0.546875 0.6 0.5421875 0.621875 0.5421875 0.646875 0.5390625 0.6515625 0.5375 0.65 0.534375 0.6 0.540625 0.5890625
0 0.60625 0.69375 0.6125 0.6953125 0.615625 0.7265625 0.6109375 0.7421875 0.609375 0.7578125 0.6015625 0.7578125 0.6 0.7609375 0.5953125 0.7609375 0.596875 0.7234375 0.6 0.7078125 0.6046875 0.703125 0.60625 0.6953125
0 0.746875 0.4234375 0.75 0.44375 0.7453125 0.48125 0.74375 0.4828125 0.740625 0.48125 0.7390625 0.446875 0.7375 0.4453125 0.7453125 0.425
0 0.6078125 0.634375 0.6109375 0.640625 0.6125 0.6671875 0.609375 0.671875 0.603125 0.671875 0.6 0.6609375 0.603125 0.640625 0.6078125 0.6359375
0 0.5765625 0.5828125 0.5796875 0.5890625 0.5796875 0.596875 0.5859375 0.609375 0.5796875 0.61875 0.5765625 0.6515625 0.5734375 0.6515625 0.5703125 0.621875 0.5671875 0.61875 0.5625 0.61875 0.56875 0.60625 0.56875 0.6 0.5734375 0.596875 0.5765625 0.584375
0 0.6921875 0.5453125 0.696875 0.546875 0.6984375 0.55625 0.696875 0.5953125 0.6875 0.6046875 0.6859375 0.5890625 0.6875 0.5578125 0.690625 0.5546875 0.6921875 0.546875
0 0.703125 0.546875 0.7078125 0.5484375 0.7109375 0.5625 0.7046875 0.60625 0.703125 0.6078125 0.6984375 0.60625 0.7 0.59375 0.696875 0.578125 0.6984375 0.5765625 0.6984375 0.5609375 0.703125 0.5484375
0 0.4328125 0.871875 0.4359375 0.8734375 0.4390625 0.8875 0.4359375 0.89375 0.434375 0.909375 0.43125 0.9125 0.4125 0.9125 0.4125 0.8953125 0.409375 0.8921875 0.4125 0.8734375 0.41875 0.86875 0.41875 0.8609375 0.4234375 0.8515625 0.428125 0.85625 0.428125 0.8671875 0.43125 0.871875
0 0.559375 0.6171875 0.565625 0.6421875 0.5609375 0.65 0.5578125 0.6703125 0.5546875 0.6703125 0.5515625 0.6640625 0.5515625 0.6453125 0.55 0.64375 0.55 0.625 0.5578125 0.6171875
0 0.45625 0.8390625 0.4609375 0.8390625 0.4625 0.846875 0.471875 0.85625 0.4671875 0.896875 0.4609375 0.903125 0.4609375 0.9109375 0.4515625 0.9125 0.4484375 0.9046875 0.446875 0.875 0.44375 0.871875 0.44375 0.8671875 0.4546875 0.8515625 0.45625 0.840625