0 0.02109375 0.0140625 0.0421875 0.02734375
0 0.01484375 0.015625 0.0296875 0.03125
0 0.01953125 0.01484375 0.0390625 0.0296875
0 0.0296875 0.03046875 0.059375 0.0609375
0 0.01953125 0.02734375 0.0390625 0.0546875
0 0.00390625 0.0140625 0.0078125 0.02734375
0 0.0046875 0.01796875 0.009375 0.0359375
0 0.0109375 0.021875 0.02109375 0.04375
0 0.003125 0.0109375 0.00625 0.021875
0 0.01640625 0.0109375 0.0328125 0.021875
0 0.00546875 0.0125 0.0109375 0.025
0 0.02421875 0.02421875 0.0484375 0.04765625
0 0.0078125 0.0203125 0.015625 0.040625
0 0.00390625 0.015625 0.0078125 0.03125
0 0.009375 0.0203125 0.01875 0.040625
0 0.00390625 0.01015625 0.0078125 0.0203125
0 0.00703125 0.015625 0.0140625 0.03125
0 0.003125 0.0109375 0.00625 0.021875
0 0.0140625 0.0125 0.028125 0.025
0 0.0046875 0.0265625 0.009375 0.053125
0 0.0171875 0.04375 0.034375 0.0875
0 0.0046875 0.01171875 0.009375 0.0234375
0 0.00390625 0.01015625 0.0078125 0.0203125
0 0.02109375 0.0203125 0.0421875 0.040625
0 0.0125 0.02421875 0.025 0.04765625
0 0.0046875 0.01171875 0.009375 0.0234375
0 0.00390625 0.015625 0.0078125 0.03125
0 0.00546875 0.01171875 0.0109375 0.0234375
0 0.0125 0.03671875 0.025 0.0734375
0 0.0046875 0.01796875 0.009375 0.0359375
0 0.0109375 0.02265625 0.021875 0.0453125
0 0.01171875 0.02109375 0.0234375 0.0421875
0 0.00625 0.0140625 0.0125 0.02734375
0 0.0078125 0.02421875 0.01484375 0.04765625
0 0.003125 0.01015625 0.00625 0.0203125
0 0.0046875 0.0078125 0.009375 0.015625
0 0.00390625 0.0125 0.0078125 0.025
0 0.00546875 0.01640625 0.0109375 0.0328125
0 0.0046875 0.01875 0.009375 0.0375
0 0.003125 0.01953125 0.00625 0.03828125
0 0.00390625 0.009375 0.0078125 0.01875
0 0.0046875 0.01640625 0.009375 0.0328125
0 0.03046875 0.0171875 0.0609375 0.034375
0 0.0046875 0.01875 0.009375 0.0375
0 0.00625 0.009375 0.0125 0.01875
0 0.0078125 0.03046875 0.015625 0.0609375
0 0.00625 0.01171875 0.0125 0.0234375
0 0.0046875 0.01875 0.00859375 0.03671875
0 0.0046875 0.01328125 0.009375 0.0265625
0 0.0265625 0.03125 0.05234375 0.0625
0 0.0109375 0.02109375 0.02109375 0.0421875
0 0.0046875 0.01015625 0.00859375 0.0203125
0 0.003125 0.01015625 0.00625 0.0203125
0 0.00390625 0.0125 0.0078125 0.025
0 0.009375 0.01875 0.01875 0.03671875
0 0.003125 0.0171875 0.00625 0.034375
0 0.00390625 0.0140625 0.0078125 0.02734375
0 0.0046875 0.0203125 0.00859375 0.040625
0 0.0046875 0.01171875 0.009375 0.0234375
0 0.00546875 0.0203125 0.0109375 0.040625
0 0.0046875 0.015625 0.009375 0.03125
0 0.00625 0.015625 0.0125 0.03125
0 0.0109375 0.03046875 0.021875 0.0609375
0 0.00390625 0.0140625 0.0078125 0.02734375
0 0.0046875 0.015625 0.00859375 0.03125
0 0.0171875 0.03203125 0.034375 0.0640625
0 0.01640625 0.0171875 0.0328125 0.034375
0 0.0046875 0.009375 0.009375 0.01875
0 0.0046875 0.02109375 0.009375 0.0421875
0 0.0046875 0.02265625 0.009375 0.0453125
0 0.00390625 0.01171875 0.0078125 0.0234375
0 0.01796875 0.02421875 0.0359375 0.04765625
0 0.0046875 0.01484375 0.00859375 0.0296875
0 0.0046875 0.01484375 0.00859375 0.0296875
0 0.015625 0.03046875 0.03125 0.0609375
0 0.009375 0.0125 0.01875 0.025
0 0.00234375 0.015625 0.0046875 0.03125
0 0.0046875 0.01484375 0.009375 0.0296875
0 0.0046875 0.01484375 0.009375 0.0296875
0 0.00390625 0.0140625 0.0078125 0.02734375
0 0.00390625 0.0109375 0.0078125 0.021875
0 0.0046875 0.01484375 0.00859375 0.0296875
0 0.0078125 0.03046875 0.01484375 0.0609375
0 0.015625 0.03515625 0.03125 0.06953125
0 0.01640625 0.025 0.0328125 0.05
0 0.0109375 0.02578125 0.021875 0.0515625
0 0.009375 0.0171875 0.01875 0.034375
0 0.00234375 0.0109375 0.0046875 0.021875
0 0.00546875 0.0171875 0.0109375 0.034375
0 0.00390625 0.0171875 0.0078125 0.034375
0 0.00390625 0.00703125 0.0078125 0.0140625
0 0.0046875 0.01484375 0.00859375 0.0296875
0 0.0078125 0.01875 0.015625 0.0375
0 0.00390625 0.0109375 0.0078125 0.021875
0 0.009375 0.01640625 0.01875 0.0328125
0 0.0109375 0.02109375 0.02109375 0.0421875
0 0.00546875 0.0125 0.0109375 0.025
0 0.01796875 0.02265625 0.0359375 0.0453125
0 0.0046875 0.0109375 0.00859375 0.021875
0 0.025 0.0375 0.05 0.075
0 0.0046875 0.015625 0.00859375 0.03125
0 0.01796875 0.02109375 0.0359375 0.0421875
0 0.00234375 0.00703125 0.0046875 0.0140625
0 0.0046875 0.01484375 0.00859375 0.0296875
0 0.00546875 0.0125 0.0109375 0.025
0 0.0046875 0.01875 0.00859375 0.03671875
0 0.00546875 0.01640625 0.0109375 0.0328125
0 0.00546875 0.0125 0.0109375 0.025
0 0.00625 0.0140625 0.0125 0.02734375
0 0.0046875 0.015625 0.00859375 0.03125
0 0.00625 0.00546875 0.0125 0.0109375
0 0.0046875 0.0171875 0.009375 0.034375
0 0.00390625 0.01484375 0.0078125 0.0296875
0 0.0046875 0.0078125 0.009375 0.015625
0 0.0109375 0.02265625 0.021875 0.0453125
0 0.00625 0.00703125 0.0125 0.0140625
0 0.003125 0.0140625 0.00625 0.02734375
0 0.00703125 0.01171875 0.0140625 0.0234375
0 0.00234375 0.01015625 0.0046875 0.0203125
0 0.0046875 0.0203125 0.009375 0.040625
0 0.0125 0.01640625 0.025 0.0328125
0 0.00390625 0.01875 0.0078125 0.03671875
0 0.0046875 0.0140625 0.00859375 0.02734375
0 0.00625 0.01015625 0.0125 0.0203125
0 0.0046875 0.02109375 0.009375 0.0421875
0 0.00625 0.01484375 0.0125 0.0296875
0 0.003125 0.00703125 0.00625 0.0140625
0 0.00859375 0.0296875 0.0171875 0.05859375
0 0.00390625 0.01171875 0.0078125 0.0234375
0 0.003125 0.00390625 0.00625 0.00703125
0 0.021875 0.025 0.04375 0.05
0 0.0171875 0.02109375 0.034375 0.0421875
0 0.00390625 0.0140625 0.0078125 0.02734375
0 0.0046875 0.0125 0.009375 0.025
0 0.00390625 0.009375 0.0078125 0.01875
0 0.00390625 0.01171875 0.0078125 0.0234375
0 0.00390625 0.01640625 0.0078125 0.0328125
0 0.0078125 0.01015625 0.01484375 0.0203125
0 0.00390625 0.0046875 0.0078125 0.009375
0 0.0046875 0.015625 0.009375 0.03125
0 0.003125 0.01171875 0.00625 0.0234375
0 0.003125 0.00859375 0.00625 0.01640625
0 0.00625 0.0125 0.0125 0.025
0 0.0203125 0.0234375 0.040625 0.046875
0 0.0046875 0.0078125 0.009375 0.015625
0 0.0046875 0.0109375 0.009375 0.021875
0 0.01015625 0.0171875 0.0203125 0.034375
0 0.00234375 0.01015625 0.0046875 0.0203125
0 0.0125 0.01640625 0.025 0.0328125
0 0.00390625 0.01484375 0.0078125 0.0296875
0 0.0046875 0.0125 0.009375 0.025
0 0.01171875 0.0296875 0.0234375 0.05859375
0 0.01640625 0.01484375 0.0328125 0.0296875
0 0.01953125 0.0125 0.0390625 0.025
0 0.0109375 0.01796875 0.021875 0.0359375
0 0.00234375 0.00859375 0.0046875 0.01640625
0 0.0203125 0.03046875 0.040625 0.0609375
0 0.00390625 0.01171875 0.0078125 0.0234375
0 0.00625 0.00859375 0.0125 0.01640625
0 0.02890625 0.0359375 0.0578125 0.071875
0 0.00625 0.0125 0.0125 0.025
0 0.0046875 0.0109375 0.009375 0.021875
0 0.021875 0.0203125 0.04375 0.040625
0 0.03203125 0.03046875 0.0640625 0.0609375
0 0.0046875 0.01328125 0.009375 0.0265625
0 0.00390625 0.0171875 0.0078125 0.034375
0 0.0109375 0.02265625 0.021875 0.0453125
0 0.03671875 0.025 0.0734375 0.05
0 0.0046875 0.0140625 0.00859375 0.02734375
0 0.02109375 0.03125 0.0421875 0.0625
0 0.0171875 0.025 0.03359375 0.05
0 0.003125 0.0109375 0.00625 0.021875
0 0.02265625 0.0296875 0.0453125 0.05859375
0 0.01875 0.02265625 0.0375 0.0453125
0 0.0109375 0.03203125 0.021875 0.0640625
0 0.00859375 0.0203125 0.0171875 0.040625
0 0.003125 0.009375 0.00625 0.01875
0 0.00703125 0.00859375 0.0140625 0.01640625
0 0.009375 0.01953125 0.01875 0.03828125
0 0.0046875 0.0140625 0.00859375 0.02734375
0 0.01953125 0.01953125 0.0390625 0.03828125
0 0.46796875 0.61015625 0.02109375 0.05234375
0 0.43125 0.6609375 0.0171875 0.06015625
0 0.4875 0.6296875 0.015625 0.04296875
0 0.63125 0.7328125 0.01796875 0.05625
0 0.4515625 0.603125 0.015625 0.05625
0 0.60390625 0.72734375 0.021875 0.06328125
0 0.50078125 0.26796875 0.01015625 0.03125
0 0.3859375 0.6390625 0.01484375 0.06328125
0 0.64296875 0.79453125 0.0203125 0.05390625
0 0.66328125 0.79453125 0.02265625 0.06171875
0 0.19140625 0.70703125 0.02109375 0.0828125
0 0.2828125 0.73203125 0.01796875 0.0625
0 0.3046875 0.69921875 0.0234375 0.07578125
0 0.4453125 0.6578125 0.01640625 0.0671875
0 0.31796875 0.4890625 0.01171875 0.053125
0 0.5734375 0.7109375 0.015625 0.06015625
0 0.3046875 0.48359375 0.01328125 0.05078125
0 0.459375 0.65625 0.01796875 0.06015625
0 0.11484375 0.40078125 0.01171875 0.0265625
0 0.3953125 0.55546875 0.015625 0.04453125
0 0.25234375 0.72109375 0.01875 0.07421875
0 0.32578125 0.61875 0.01796875 0.07421875
0 0.23671875 0.38046875 0.0125 0.046875
0 0.659375 0.75234375 0.0171875 0.0625
0 0.5078125 0.6453125 0.01484375 0.0453125
0 0.41640625 0.56796875 0.01484375 0.03984375
0 0.35390625 0.640625 0.01796875 0.06796875
0 0.565625 0.69453125 0.0140625 0.0671875
0 0.49453125 0.27734375 0.01328125 0.04375
0 0.63359375 0.78203125 0.01953125 0.0625
0 0.3984375 0.71875 0.02265625 0.06328125
0 0.503125 0.30234375 0.01171875 0.04296875
0 0.36875 0.64609375 0.0234375 0.07265625
0 0.4265625 0.59140625 0.01484375 0.05
0 0.47421875 0.2734375 0.00859375 0.0359375
0 0.49296875 0.6828125 0.01796875 0.05546875
0 0.1625 0.68515625 0.02109375 0.08125
0 0.20234375 0.7328125 0.01953125 0.05546875
0 0.3375 0.71796875 0.01875 0.08125
0 0.28828125 0.65546875 0.01796875 0.06875
0 0.35546875 0.52890625 0.015625 0.053125
0 0.7203125 0.81640625 0.0171875 0.05078125
0 0.58671875 0.74609375 0.02265625 0.0703125
0 0.2609375 0.6453125 0.01875 0.07578125
0 0.278125 0.35625 0.0125 0.05546875
0 0.40234375 0.89609375 0.0203125 0.03203125
0 0.42265625 0.296875 0.00859375 0.03828125
0 0.30625 0.34140625 0.0125 0.03046875
0 0.425 0.896875 0.02421875 0.03359375
0 0.3140625 0.56796875 0.0140625 0.04140625
0 0.440625 0.9 0.0234375 0.02734375
0 0.334375 0.4390625 0.01328125 0.0484375
0 0.2875 0.47265625 0.01796875 0.053125
0 0.325 0.44609375 0.0125 0.03046875
0 0.26328125 0.58203125 0.0140625 0.04296875
0 0.5609375 0.88828125 0.021875 0.04609375
0 0.78828125 0.828125 0.01640625 0.04921875
0 0.54765625 0.73359375 0.02421875 0.06328125
0 0.38515625 0.4078125 0.0140625 0.05078125
0 0.459375 0.275 0.01328125 0.04375
0 0.69453125 0.80859375 0.01484375 0.05546875
0 0.75859375 0.82109375 0.0171875 0.05078125
0 0.28359375 0.63359375 0.01640625 0.03671875
0 0.84296875 0.81484375 0.01875 0.03671875
0 0.471875 0.20078125 0.00859375 0.0296875
0 0.5765625 0.903125 0.01953125 0.0171875
0 0.4078125 0.30234375 0.01171875 0.040625
0 0.43515625 0.29453125 0.01875 0.03828125
0 0.26171875 0.3609375 0.009375 0.02265625
0 0.14296875 0.52265625 0.02578125 0.05234375
0 0.16796875 0.55703125 0.021875 0.0453125
0 0.1265625 0.465625 0.015625 0.05546875
0 0.1609375 0.4546875 0.01640625 0.06328125
0 0.14375 0.45859375 0.01796875 0.04921875