0 0.4171875 0.6125 0.4234375 0.63125 0.4234375 0.6671875 0.421875 0.66875 0.4140625 0.6671875 0.4140625 0.6421875 0.4109375 0.625 0.4125 0.6140625 0.415625 0.6125
0 0.3515625 0.403125 0.353125 0.40625 0.353125 0.4484375 0.3515625 0.45 0.3484375 0.4484375 0.3484375 0.43125 0.3453125 0.4125 0.346875 0.4046875 0.35 0.403125
0 0.134375 0.60625 0.1390625 0.60625 0.1421875 0.6171875 0.1515625 0.625 0.1546875 0.6375 0.1546875 0.659375 0.1515625 0.66875 0.1515625 0.678125 0.1484375 0.6796875 0.1421875 0.678125 0.1375 0.6640625 0.1375 0.65 0.1328125 0.6390625 0.1328125 0.609375 0.134375 0.6078125
0 0.428125 0.596875 0.43125 0.609375 0.4296875 0.6109375 0.4296875 0.653125 0.428125 0.6546875 0.425 0.6546875 0.425 0.6375 0.41875 0.615625 0.421875 0.6046875 0.41875 0.5984375 0.41875 0.590625 0.421875 0.5890625 0.4265625 0.596875
0 0.359375 0.56875 0.3640625 0.59375 0.3625 0.6 0.3640625 0.6296875 0.359375 0.6265625 0.353125 0.590625 0.3578125 0.5703125
0 0.3 0.6546875 0.3046875 0.6546875 0.3046875 0.6609375 0.3125 0.671875 0.3125 0.6984375 0.31875 0.725 0.315625 0.7296875 0.3109375 0.7234375 0.30625 0.725 0.3046875 0.7203125 0.296875 0.675 0.3 0.65625
0 0.3296875 0.3984375 0.3328125 0.3984375 0.3359375 0.40625 0.3359375 0.44375 0.33125 0.44375 0.33125 0.4359375 0.3265625 0.41875 0.3265625 0.409375 0.3296875 0.4
0 0.38125 0.5796875 0.3859375 0.5796875 0.3859375 0.590625 0.3890625 0.5984375 0.3890625 0.64375 0.3875 0.646875 0.3859375 0.64375 0.38125 0.6421875 0.38125 0.621875 0.375 0.60625 0.375 0.596875 0.38125 0.58125
0 0.2359375 0.4625 0.2390625 0.4625 0.24375 0.471875 0.24375 0.5078125 0.2453125 0.509375 0.2453125 0.5171875 0.2390625 0.51875 0.234375 0.5015625 0.23125 0.4765625 0.2359375 0.4640625
0 0.49375 0.63125 0.4984375 0.6328125 0.4984375 0.6484375 0.503125 0.6546875 0.4984375 0.6796875 0.5 0.703125 0.496875 0.7046875 0.4890625 0.6984375 0.4875 0.6453125 0.49375 0.6328125
0 0.4109375 0.5625 0.4140625 0.565625 0.4171875 0.578125 0.415625 0.6015625 0.4109375 0.61875 0.4078125 0.61875 0.40625 0.5859375 0.4078125 0.5703125 0.4109375 0.5640625
0 0.5203125 0.6390625 0.5265625 0.671875 0.5234375 0.6765625 0.5234375 0.690625 0.5203125 0.6953125 0.51875 0.7046875 0.5140625 0.703125 0.5125 0.6921875 0.5140625 0.678125 0.5125 0.6546875 0.515625 0.65 0.515625 0.640625 0.51875 0.6390625