0 0.6015625 0.6203125 0.609375 0.63125 0.6125 0.640625 0.6109375 0.6609375 0.6046875 0.66875 0.5984375 0.6671875 0.59375 0.659375 0.5921875 0.65 0.596875 0.621875 0.6 0.6203125
0 0.58125 0.5625 0.584375 0.565625 0.5859375 0.5859375 0.584375 0.5953125 0.5796875 0.603125 0.5796875 0.6203125 0.575 0.61875 0.5765625 0.6 0.5734375 0.5875 0.575 0.571875 0.58125 0.5640625
0 0.684375 0.6375 0.690625 0.6375 0.6921875 0.646875 0.6953125 0.65 0.6953125 0.659375 0.6859375 0.671875 0.6859375 0.7125 0.684375 0.7140625 0.68125 0.7125 0.6796875 0.665625 0.684375 0.65 0.6828125 0.640625 0.684375 0.6390625
0 0.3375 0.746875 0.3421875 0.7453125 0.3453125 0.75 0.3453125 0.7625 0.35 0.7734375 0.3484375 0.7953125 0.3453125 0.796875 0.346875 0.8 0.34375 0.8046875 0.34375 0.8109375 0.3375 0.8078125 0.3328125 0.7734375 0.3328125 0.765625 0.3375 0.75625 0.3375 0.7484375
0 0.528125 0.66875 0.5328125 0.6640625 0.53125 0.6609375 0.53125 0.5984375 0.5328125 0.59375 0.5359375 0.5921875 0.5359375 0.596875 0.5421875 0.6078125 0.5421875 0.640625 0.5375 0.64375 0.5359375 0.6484375 0.5359375 0.6625 0.53125 0.665625 0.53125 0.671875 0.528125 0.6703125
0 0.85625 0.659375 0.0125 0.0421875
0 0.6984375 0.6609375 0.6984375 0.675 0.703125 0.69375 0.703125 0.7046875 0.696875 0.7140625 0.6921875 0.734375 0.6953125 0.7453125 0.6921875 0.746875 0.6875 0.7453125 0.6859375 0.6828125 0.6875 0.6703125 0.69375 0.6625 0.696875 0.6625
0 0.6359375 0.56875 0.6390625 0.56875 0.646875 0.5859375 0.646875 0.590625 0.6421875 0.5984375 0.640625 0.6171875 0.6390625 0.621875 0.6359375 0.621875 0.6375 0.609375 0.6359375 0.6 0.63125 0.5921875 0.6328125 0.5765625 0.6359375 0.5703125
0 0.75 0.5984375 0.7546875 0.6015625 0.75625 0.6125 0.75625 0.6296875 0.7515625 0.6515625 0.7515625 0.66875 0.75 0.6703125 0.74375 0.66875 0.7453125 0.6609375 0.74375 0.61875 0.7484375 0.609375 0.75 0.6
0 0.46875 0.6328125 0.4734375 0.6328125 0.471875 0.6734375 0.475 0.69375 0.4734375 0.7015625 0.4671875 0.7015625 0.4640625 0.69375 0.4640625 0.6734375 0.465625 0.671875 0.4625 0.6625 0.4625 0.64375 0.46875 0.634375
0 0.8125 0.3703125 0.8171875 0.375 0.8171875 0.390625 0.8125 0.4 0.80625 0.396875 0.80625 0.3828125 0.8125 0.371875
0 0.5 0.81875 0.5046875 0.81875 0.5046875 0.825 0.5109375 0.83125 0.515625 0.840625 0.5171875 0.85625 0.5203125 0.8625 0.5203125 0.871875 0.5171875 0.878125 0.5109375 0.8828125 0.5109375 0.9109375 0.50625 0.9109375 0.50625 0.9 0.5 0.8890625 0.496875 0.8578125 0.49375 0.8546875 0.49375 0.8375 0.4984375 0.83125 0.5 0.8203125
0 0.72734375 0.7234375 0.01484375 0.075
0 0.7125 0.696875 0.7171875 0.7015625 0.71875 0.7171875 0.7171875 0.7609375 0.70625 0.7609375 0.7 0.7546875 0.7015625 0.725 0.7046875 0.721875 0.7046875 0.715625 0.7125 0.6984375