0 0.3140625 0.6515625 0.325 0.6640625 0.3296875 0.675 0.3265625 0.6828125 0.3265625 0.703125 0.3234375 0.70625 0.3171875 0.70625 0.3078125 0.6953125 0.30625 0.675 0.3140625 0.653125
0 0.309375 0.7 0.3109375 0.7109375 0.315625 0.71875 0.3171875 0.7328125 0.315625 0.7390625 0.3171875 0.75625 0.3140625 0.7609375 0.309375 0.7609375 0.3078125 0.7578125 0.30625 0.7453125 0.303125 0.7421875 0.3 0.7265625 0.3 0.715625 0.296875 0.709375 0.296875 0.7015625 0.3078125 0.7
0 0.221875 0.5875 0.0140625 0.0609375
0 0.2796875 0.64375 0.2828125 0.6453125 0.2859375 0.6578125 0.2921875 0.66875 0.29375 0.7140625 0.2875 0.7171875 0.2828125 0.7109375 0.28125 0.6875 0.278125 0.68125 0.278125 0.6609375 0.275 0.6515625 0.278125 0.6453125
0 0.215625 0.72265625 0.0140625 0.07734375
0 0.48125 0.2421875 0.4828125 0.24375 0.4828125 0.278125 0.48125 0.2796875 0.478125 0.275 0.4796875 0.24375
0 0.23125 0.5625 0.234375 0.5625 0.2375 0.571875 0.234375 0.621875 0.2296875 0.6203125 0.2296875 0.59375 0.2265625 0.584375 0.2265625 0.5703125 0.23125 0.5640625
0 0.3265625 0.70625 0.328125 0.7125 0.3359375 0.71875 0.3359375 0.7578125 0.334375 0.7609375 0.3203125 0.7609375 0.31875 0.7578125 0.3171875 0.71875 0.31875 0.7078125 0.325 0.70625
0 0.484375 0.2421875 0.4859375 0.24375 0.4859375 0.2796875 0.484375 0.2828125 0.48125 0.2796875 0.48125 0.2453125 0.4828125 0.24375
0 0.228125 0.6953125 0.23125 0.7 0.2296875 0.70625 0.234375 0.71875 0.234375 0.74375 0.2359375 0.7453125 0.234375 0.75625 0.23125 0.7609375 0.2203125 0.7609375 0.21875 0.7578125 0.221875 0.753125 0.221875 0.7328125 0.21875 0.721875 0.21875 0.7109375 0.221875 0.7015625 0.2265625 0.696875
0 0.3109375 0.6375 0.3140625 0.6421875 0.3140625 0.6515625 0.3109375 0.6546875 0.3109375 0.659375 0.3046875 0.671875 0.3046875 0.6953125 0.3015625 0.6953125 0.29375 0.6859375 0.2953125 0.671875 0.29375 0.6421875 0.303125 0.6296875 0.3078125 0.6328125 0.309375 0.6375