0 0.4171875 0.6109375 0.421875 0.621875 0.4234375 0.634375 0.421875 0.6421875 0.4234375 0.6796875 0.415625 0.678125 0.4125 0.6625 0.4109375 0.625 0.4125 0.6125 0.415625 0.6109375
0 0.38125 0.6546875 0.3796875 0.64375 0.375 0.6328125 0.375 0.6015625 0.3765625 0.6 0.384375 0.6 0.3859375 0.6109375 0.3859375 0.6546875 0.3828125 0.6546875
0 0.4078125 0.81875 0.4109375 0.821875 0.4109375 0.8265625 0.415625 0.8328125 0.421875 0.85 0.421875 0.8671875 0.4171875 0.8734375 0.4171875 0.8859375 0.421875 0.89375 0.421875 0.8984375 0.4171875 0.9046875 0.4125 0.9015625 0.4125 0.890625 0.4046875 0.8671875 0.4078125 0.8203125
0 0.203125 0.575 0.2109375 0.58125 0.2109375 0.5859375 0.2171875 0.596875 0.215625 0.6375 0.2125 0.6484375 0.20625 0.6515625 0.20625 0.6296875 0.2 0.609375 0.2 0.5859375 0.203125 0.5765625
0 0.26875 0.484375 0.2734375 0.484375 0.278125 0.4953125 0.278125 0.515625 0.275 0.5171875 0.26875 0.5109375 0.265625 0.503125 0.265625 0.49375 0.26875 0.4859375
0 0.1921875 0.575 0.1984375 0.58125 0.1984375 0.6125 0.196875 0.615625 0.190625 0.6125 0.1875 0.6078125 0.184375 0.590625 0.184375 0.58125 0.190625 0.575
0 0.4765625 0.66875 0.48125 0.66875 0.4828125 0.6796875 0.4859375 0.684375 0.4859375 0.6984375 0.4890625 0.7015625 0.4859375 0.7171875 0.4875 0.7453125 0.4828125 0.746875 0.4796875 0.7515625 0.4765625 0.7515625 0.475 0.7171875 0.471875 0.70625 0.471875 0.6859375 0.4765625 0.6703125
0 0.3484375 0.5203125 0.353125 0.53125 0.3546875 0.5453125 0.3546875 0.5671875 0.3515625 0.5734375 0.3453125 0.5671875 0.34375 0.5296875 0.3484375 0.521875
0 0.29375 0.5671875 0.296875 0.56875 0.296875 0.575 0.3046875 0.5921875 0.30625 0.628125 0.2953125 0.6265625 0.29375 0.5921875 0.2890625 0.5875 0.2921875 0.56875
0 0.30625 0.5671875 0.3109375 0.56875 0.3109375 0.5765625 0.3171875 0.5828125 0.3171875 0.5984375 0.30625 0.596875 0.3046875 0.5875 0.30625 0.56875
0 0.34375 0.5828125 0.3515625 0.5984375 0.3515625 0.6109375 0.3484375 0.6203125 0.3484375 0.6421875 0.34375 0.6390625 0.3421875 0.625 0.3375 0.6109375 0.3375 0.603125 0.34375 0.584375
0 0.5046875 0.6234375 0.50625 0.684375 0.4984375 0.690625 0.496875 0.6890625 0.496875 0.671875 0.49375 0.6625 0.49375 0.6390625 0.5 0.625 0.503125 0.6234375
0 0.3359375 0.5171875 0.34375 0.5296875 0.3421875 0.56875 0.3390625 0.5703125 0.3375 0.56875 0.334375 0.5484375 0.33125 0.5421875 0.33125 0.5265625 0.3359375 0.51875
0 0.290625 0.5984375 0.0109375 0.0640625
0 0.475 0.603125 0.4796875 0.6109375 0.4796875 0.6625 0.475 0.6625 0.4734375 0.659375 0.46875 0.6296875 0.46875 0.6171875 0.475 0.6046875
0 0.515625 0.625 0.521875 0.6375 0.5203125 0.6390625 0.5203125 0.6921875 0.5171875 0.6984375 0.5125 0.6984375 0.5109375 0.6953125 0.5125 0.690625 0.5078125 0.6796875 0.5078125 0.65625 0.50625 0.6546875 0.515625 0.6265625
0 0.390625 0.5828125 0.3984375 0.59375 0.4 0.6015625 0.3984375 0.6484375 0.390625 0.646875 0.3859375 0.609375 0.3859375 0.5984375 0.390625 0.584375
0 0.4296875 0.7109375 0.4359375 0.715625 0.4390625 0.7265625 0.434375 0.74375 0.43125 0.7828125 0.428125 0.7828125 0.425 0.778125 0.425 0.7671875 0.421875 0.7640625 0.421875 0.73125 0.4203125 0.7296875 0.4203125 0.71875 0.425 0.7125 0.428125 0.7125
0 0.478125 0.76875 0.484375 0.76875 0.4921875 0.78125 0.490625 0.7890625 0.4921875 0.809375 0.4875 0.834375 0.4875 0.825 0.4828125 0.815625 0.4828125 0.8046875 0.4765625 0.79375 0.478125 0.7703125
0 0.525 0.6328125 0.5296875 0.6375 0.5296875 0.6484375 0.5328125 0.6609375 0.5328125 0.6984375 0.5296875 0.7015625 0.5234375 0.6953125 0.521875 0.6421875 0.525 0.634375
0 0.4421875 0.259375 0.446875 0.26875 0.446875 0.2828125 0.44375 0.2921875 0.4390625 0.2875 0.4390625 0.26875 0.4421875 0.2609375
0 0.515625 0.6234375 0.51875 0.6234375 0.521875 0.6296875 0.521875 0.640625 0.51875 0.6421875 0.515625 0.6359375 0.5125 0.6375 0.5125 0.63125 0.515625 0.625
0 0.375 0.6953125 0.38125 0.70625 0.3796875 0.7484375 0.3765625 0.75625 0.36875 0.75625 0.3625 0.753125 0.3625 0.74375 0.365625 0.7375 0.365625 0.7265625 0.3625 0.721875 0.3625 0.7078125 0.36875 0.703125 0.3703125 0.696875 0.3734375 0.6953125