0 0.4078125 0.6203125 0.41875 0.625 0.41875 0.6296875 0.4234375 0.6375 0.4203125 0.640625 0.41875 0.6484375 0.41875 0.68125 0.4171875 0.6828125 0.4125 0.678125 0.4109375 0.6515625 0.40625 0.6421875 0.40625 0.621875
0 0.6453125 0.715625 0.6484375 0.725 0.6484375 0.7375 0.6453125 0.74375 0.64375 0.7890625 0.6359375 0.7875 0.6375 0.7828125 0.6375 0.765625 0.634375 0.7546875 0.6359375 0.7390625 0.63125 0.7359375 0.63125 0.7234375 0.6375 0.7265625 0.640625 0.7234375 0.640625 0.7171875 0.64375 0.715625
0 0.4421875 0.60625 0.4453125 0.60625 0.4484375 0.6140625 0.4515625 0.64375 0.4484375 0.671875 0.4421875 0.671875 0.4421875 0.6640625 0.4390625 0.659375 0.4390625 0.6296875 0.4359375 0.6203125 0.4421875 0.6078125
0 0.33125 0.56875 0.3359375 0.56875 0.3421875 0.5796875 0.3421875 0.5984375 0.340625 0.6 0.3421875 0.640625 0.3359375 0.6390625 0.3328125 0.6265625 0.3328125 0.6109375 0.3265625 0.5875 0.3265625 0.578125 0.33125 0.5703125
0 0.24375 0.590625 0.2453125 0.596875 0.2421875 0.6140625 0.2421875 0.6390625 0.246875 0.6484375 0.2484375 0.6671875 0.24375 0.6625 0.24375 0.653125 0.2375 0.6390625 0.2375 0.63125 0.2328125 0.61875 0.2328125 0.609375 0.2375 0.6015625 0.2390625 0.5921875 0.2421875 0.590625
0 0.6921875 0.7953125 0.69375 0.80625 0.703125 0.815625 0.696875 0.83125 0.696875 0.8515625 0.6953125 0.853125 0.696875 0.8859375 0.6953125 0.8875 0.69375 0.8875 0.6921875 0.871875 0.6890625 0.865625 0.6859375 0.8671875 0.684375 0.8765625 0.68125 0.88125 0.68125 0.83125 0.6828125 0.8296875 0.68125 0.8125 0.6875 0.8078125 0.6875 0.796875 0.690625 0.7953125
0 0.2328125 0.4203125 0.234375 0.4453125 0.23125 0.4484375 0.2265625 0.4484375 0.225 0.4453125 0.225 0.4296875 0.228125 0.421875 0.23125 0.4203125
0 0.8515625 0.78125 0.8546875 0.78125 0.85625 0.7890625 0.8625 0.8 0.8625 0.8109375 0.859375 0.8171875 0.853125 0.8203125 0.8515625 0.8234375 0.8484375 0.8234375 0.84375 0.8171875 0.8453125 0.7984375 0.8515625 0.7828125
0 0.2375 0.6953125 0.2421875 0.69375 0.246875 0.7046875 0.2484375 0.7546875 0.25 0.75625 0.2484375 0.7609375 0.24375 0.7609375 0.2375 0.7546875 0.2375 0.7359375 0.234375 0.73125 0.2375 0.696875
0 0.51875 0.703125 0.525 0.703125 0.5296875 0.7109375 0.5265625 0.721875 0.528125 0.7265625 0.525 0.734375 0.525 0.746875 0.521875 0.7453125 0.51875 0.7421875 0.51875 0.7046875
0 0.546875 0.7 0.5484375 0.7140625 0.5515625 0.71875 0.5484375 0.7296875 0.54375 0.7296875 0.540625 0.725 0.534375 0.725 0.5296875 0.7296875 0.5265625 0.7296875 0.528125 0.70625 0.534375 0.7015625 0.5453125 0.7
0 0.2328125 0.6828125 0.2359375 0.6875 0.234375 0.696875 0.2359375 0.740625 0.23125 0.746875 0.2328125 0.7546875 0.23125 0.75625 0.2265625 0.7546875 0.228125 0.734375 0.225 0.7171875 0.2203125 0.7109375 0.2203125 0.7 0.225 0.6921875 0.225 0.684375 0.23125 0.6828125
0 0.29375 0.5203125 0.296875 0.5203125 0.303125 0.5296875 0.303125 0.553125 0.2953125 0.534375 0.29375 0.521875
0 0.4421875 0.60625 0.446875 0.6078125 0.45 0.628125 0.4484375 0.63125 0.4421875 0.63125 0.4375 0.628125 0.4359375 0.6171875 0.4421875 0.6078125
0 0.359375 0.6359375 0.35625 0.63125 0.35625 0.621875 0.3515625 0.6109375 0.3515625 0.5984375 0.3546875 0.590625 0.3546875 0.5828125 0.3578125 0.578125 0.3609375 0.5796875 0.365625 0.590625 0.3640625 0.6375 0.3609375 0.6359375
0 0.6765625 0.78125 0.6828125 0.78125 0.684375 0.784375 0.6828125 0.79375 0.675 0.8 0.675 0.784375 0.6765625 0.7828125
0 0.24375 0.59375 0.2484375 0.59375 0.2546875 0.6015625 0.259375 0.61875 0.2578125 0.6828125 0.2546875 0.6828125 0.25 0.678125 0.2453125 0.6609375 0.246875 0.6546875 0.2421875 0.6328125 0.24375 0.63125 0.2421875 0.6296875 0.2421875 0.6140625 0.24375 0.6125 0.2421875 0.596875 0.24375 0.5953125
0 0.5015625 0.6234375 0.5046875 0.6234375 0.509375 0.6390625 0.509375 0.6578125 0.5046875 0.665625 0.5046875 0.675 0.503125 0.6734375 0.5 0.6671875 0.5015625 0.625
0 0.2171875 0.6453125 0.221875 0.6453125 0.2234375 0.6484375 0.2296875 0.6484375 0.2296875 0.6609375 0.234375 0.671875 0.234375 0.6828125 0.228125 0.68125 0.2234375 0.6859375 0.2234375 0.6921875 0.2203125 0.6984375 0.2125 0.678125 0.2140625 0.6546875 0.2171875 0.646875
0 0.465625 0.65 0.4671875 0.6515625 0.4671875 0.6796875 0.4640625 0.703125 0.45625 0.703125 0.4546875 0.6921875 0.4546875 0.6765625 0.45625 0.675 0.4546875 0.6609375 0.45625 0.65625 0.4640625 0.65
0 0.515625 0.6453125 0.51875 0.6453125 0.5203125 0.65 0.521875 0.665625 0.5203125 0.684375 0.5171875 0.6921875 0.5171875 0.715625 0.515625 0.7171875 0.5109375 0.7125 0.5109375 0.696875 0.50625 0.68125 0.50625 0.6640625 0.515625 0.646875
0 0.528125 0.6484375 0.5328125 0.65 0.5359375 0.6609375 0.5359375 0.6828125 0.5234375 0.684375 0.5203125 0.6828125 0.525 0.6703125 0.525 0.6609375 0.528125 0.65
0 0.2953125 0.58203125 0.0203125 0.05703125