0 0.45 0.571875 0.4546875 0.5796875 0.4578125 0.6015625 0.4578125 0.640625 0.45625 0.6421875 0.4515625 0.640625 0.4453125 0.6046875 0.446875 0.575 0.45 0.5734375
0 0.59453125 0.7125 0.01875 0.075
0 0.5609375 0.70625 0.5640625 0.7078125 0.5703125 0.721875 0.5671875 0.7328125 0.5671875 0.74375 0.5609375 0.759375 0.5609375 0.775 0.55625 0.7734375 0.5546875 0.76875 0.5546875 0.7546875 0.5515625 0.7421875 0.5515625 0.721875 0.559375 0.7078125
0 0.421875 0.5671875 0.4265625 0.5640625 0.428125 0.5578125 0.43125 0.559375 0.4328125 0.5671875 0.4328125 0.58125 0.4296875 0.590625 0.4296875 0.6203125 0.425 0.6203125 0.4234375 0.59375 0.41875 0.584375 0.421875 0.56875
0 0.3796875 0.6078125 0.38125 0.6171875 0.3859375 0.6234375 0.3859375 0.6328125 0.3828125 0.6421875 0.3828125 0.66875 0.3796875 0.6734375 0.375 0.6703125 0.375 0.6453125 0.3703125 0.63125 0.3703125 0.621875 0.375 0.615625 0.375 0.609375 0.378125 0.6078125
0 0.43125 0.5671875 0.4359375 0.5671875 0.4359375 0.6234375 0.434375 0.6265625 0.43125 0.6265625 0.428125 0.6203125 0.4296875 0.615625 0.428125 0.609375 0.4296875 0.578125 0.428125 0.575 0.43125 0.56875
0 0.3984375 0.6140625 0.4015625 0.6140625 0.4046875 0.63125 0.4078125 0.634375 0.4078125 0.6609375 0.4046875 0.6640625 0.4046875 0.678125 0.3984375 0.6796875 0.3953125 0.678125 0.39375 0.621875 0.3984375 0.615625
0 0.359375 0.5828125 0.3609375 0.5953125 0.3640625 0.6015625 0.3640625 0.6109375 0.3609375 0.6140625 0.359375 0.64375 0.35625 0.64375 0.35 0.6359375 0.35 0.6234375 0.346875 0.6109375 0.346875 0.603125 0.35625 0.5859375 0.359375 0.584375
0 0.51875 0.6375 0.5234375 0.6375 0.5234375 0.6421875 0.5296875 0.65625 0.53125 0.66875 0.5296875 0.7 0.515625 0.703125 0.51875 0.6953125 0.515625 0.6625 0.515625 0.65 0.51875 0.646875 0.51875 0.6390625
0 0.4375 0.56875 0.4421875 0.5703125 0.44375 0.578125 0.44375 0.628125 0.4453125 0.6296875 0.4421875 0.6328125 0.4359375 0.63125 0.4375 0.5703125
0 0.4515625 0.65625 0.45625 0.65625 0.4609375 0.6609375 0.4640625 0.66875 0.4640625 0.7 0.4625 0.703125 0.45 0.7015625 0.4515625 0.6890625 0.45 0.659375 0.4515625 0.6578125