0 0.4 0.6203125 0.4046875 0.634375 0.40625 0.65 0.4046875 0.659375 0.3984375 0.66875 0.39375 0.66875 0.3890625 0.6640625 0.3859375 0.653125 0.3875 0.634375 0.39375 0.6265625 0.39375 0.6234375 0.3984375 0.6203125
0 0.415625 0.5625 0.4234375 0.571875 0.425 0.578125 0.421875 0.6 0.4234375 0.61875 0.41875 0.6203125 0.41875 0.603125 0.4140625 0.5953125 0.4125 0.5859375 0.415625 0.5640625
0 0.3078125 0.6375 0.3140625 0.6375 0.315625 0.640625 0.3140625 0.65 0.31875 0.665625 0.3171875 0.7125 0.3140625 0.7140625 0.3125 0.7125 0.3125 0.671875 0.303125 0.659375 0.303125 0.65 0.30625 0.646875 0.3078125 0.6390625
0 0.6609375 0.746875 0.6609375 0.75625 0.665625 0.765625 0.665625 0.7734375 0.6640625 0.775 0.6640625 0.7953125 0.6609375 0.7984375 0.6609375 0.8078125 0.6578125 0.8109375 0.6546875 0.8109375 0.6546875 0.8046875 0.6515625 0.8 0.653125 0.796875 0.65 0.7953125 0.6484375 0.7734375 0.653125 0.7625 0.653125 0.75 0.65625 0.7453125 0.659375 0.746875
0 0.4625 0.5921875 0.465625 0.59375 0.4671875 0.5984375 0.4671875 0.6609375 0.465625 0.6640625 0.4703125 0.66875 0.4671875 0.671875 0.4671875 0.665625 0.4625 0.6625 0.4609375 0.64375 0.45625 0.640625 0.45625 0.6078125 0.4625 0.59375
0 0.146875 0.64375 0.1484375 0.6453125 0.1484375 0.678125 0.146875 0.6796875 0.140625 0.6796875 0.1375 0.66875 0.1375 0.6421875 0.1421875 0.6390625 0.1453125 0.64375
0 0.3 0.6609375 0.3046875 0.6625 0.3109375 0.6703125 0.3125 0.6828125 0.3109375 0.7453125 0.30625 0.746875 0.303125 0.7453125 0.30625 0.734375 0.3015625 0.7140625 0.2953125 0.7046875 0.3 0.6625
0 0.359375 0.56875 0.3625 0.56875 0.3640625 0.571875 0.3671875 0.5859375 0.3671875 0.5921875 0.3625 0.6 0.3609375 0.609375 0.3625 0.621875 0.359375 0.621875 0.35625 0.5984375 0.3515625 0.590625 0.353125 0.58125 0.359375 0.5703125
0 0.2484375 0.5984375 0.25 0.609375 0.2546875 0.61875 0.2546875 0.646875 0.253125 0.6484375 0.2546875 0.66875 0.253125 0.6703125 0.246875 0.66875 0.246875 0.6515625 0.2421875 0.6296875 0.24375 0.6015625 0.246875 0.6
0 0.525 0.6328125 0.5296875 0.6328125 0.5296875 0.6359375 0.5359375 0.64375 0.5359375 0.6625 0.5328125 0.671875 0.534375 0.6734375 0.534375 0.69375 0.53125 0.7015625 0.525 0.7015625 0.5234375 0.6984375 0.5265625 0.6734375 0.525 0.634375
0 0.1859375 0.3703125 0.1921875 0.3828125 0.1921875 0.396875 0.1859375 0.4 0.18125 0.390625 0.18125 0.375 0.184375 0.371875
0 0.49375 0.81875 0.4984375 0.81875 0.5 0.821875 0.5 0.83125 0.5046875 0.8375 0.5046875 0.8546875 0.5015625 0.8578125 0.4984375 0.8890625 0.4921875 0.9 0.4921875 0.9109375 0.4875 0.9109375 0.4875 0.8828125 0.48125 0.878125 0.478125 0.871875 0.4828125 0.840625 0.4875 0.83125 0.4921875 0.828125 0.49375 0.8203125
0 0.265625 0.690625 0.26875 0.6859375 0.2734375 0.6859375 0.278125 0.69375 0.2796875 0.703125 0.2796875 0.7203125 0.278125 0.721875 0.2796875 0.725 0.2796875 0.7578125 0.278125 0.7609375 0.2734375 0.7609375 0.26875 0.7421875 0.2671875 0.6921875
0 0.284375 0.696875 0.290625 0.70625 0.2984375 0.7328125 0.2984375 0.7546875 0.2921875 0.7609375 0.28125 0.7609375 0.2796875 0.7171875 0.28125 0.7015625 0.284375 0.6984375