0 0.4875 0.24375 0.4921875 0.2484375 0.490625 0.2765625 0.4875 0.278125 0.4859375 0.2765625 0.4875 0.2453125
0 0.134375 0.4453125 0.1421875 0.4609375 0.1421875 0.4921875 0.1359375 0.4984375 0.1328125 0.496875 0.13125 0.484375 0.13125 0.45 0.1328125 0.446875
0 0.33125 0.7140625 0.31875 0.690625 0.31875 0.671875 0.3265625 0.659375 0.328125 0.6515625 0.3296875 0.65 0.3328125 0.6515625 0.3390625 0.6640625 0.3390625 0.6796875 0.3359375 0.7109375 0.33125 0.715625
0 0.2546875 0.615625 0.0125 0.06953125
0 0.15 0.45625 0.1546875 0.4609375 0.153125 0.4796875 0.1484375 0.4828125 0.1453125 0.4796875 0.1453125 0.465625 0.1484375 0.4578125
0 0.1859375 0.6171875 0.1875 0.609375 0.190625 0.603125 0.19375 0.6015625 0.1984375 0.6078125 0.1984375 0.615625 0.2046875 0.634375 0.203125 0.6703125 0.1953125 0.671875 0.1921875 0.6328125 0.1875 0.6265625 0.1875 0.61875
0 0.2984375 0.6625 0.2984375 0.66875 0.3015625 0.671875 0.3046875 0.6828125 0.3046875 0.7421875 0.2984375 0.7375 0.29375 0.74375 0.2921875 0.715625 0.2875 0.7 0.2875 0.68125 0.28125 0.66875 0.2828125 0.6640625 0.290625 0.6609375 0.296875 0.6625
0 0.3234375 0.7 0.3265625 0.7109375 0.3234375 0.715625 0.3234375 0.7234375 0.31875 0.7265625 0.3125 0.725 0.3125 0.7171875 0.30625 0.7046875 0.3046875 0.6703125 0.30625 0.6640625 0.3125 0.6609375 0.3171875 0.66875 0.3171875 0.6890625 0.321875 0.7
0 0.4796875 0.2421875 0.48125 0.275 0.4765625 0.2734375 0.475 0.2578125 0.475 0.24375 0.478125 0.2421875
0 0.271875 0.6421875 0.2765625 0.6421875 0.278125 0.6453125 0.28125 0.66875 0.2796875 0.675 0.28125 0.7109375 0.2796875 0.7140625 0.275 0.7125 0.275 0.6859375 0.26875 0.6703125 0.26875 0.653125 0.271875 0.64375
0 0.3046875 0.64921875 0.0203125 0.040625
0 0.3125 0.7265625 0.31875 0.7265625 0.3203125 0.73125 0.31875 0.7375 0.3234375 0.7546875 0.321875 0.7625 0.309375 0.7609375 0.3078125 0.7578125 0.30625 0.7390625 0.3125 0.728125
0 0.340625 0.74296875 0.02109375 0.03671875