0 0.34375 0.7453125 0.3484375 0.75 0.3515625 0.7625 0.3515625 0.7796875 0.35 0.78125 0.3515625 0.8171875 0.3484375 0.8203125 0.34375 0.8203125 0.3421875 0.8171875 0.340625 0.784375 0.3375 0.771875 0.3375 0.753125 0.3390625 0.7484375 0.3421875 0.746875
0 0.7703125 0.5765625 0.7734375 0.5765625 0.7796875 0.596875 0.778125 0.6078125 0.775 0.6125 0.771875 0.6375 0.7640625 0.646875 0.7609375 0.6421875 0.765625 0.63125 0.7640625 0.596875 0.76875 0.5875 0.7703125 0.578125
0 0.628125 0.6328125 0.63125 0.6453125 0.63125 0.659375 0.6265625 0.6703125 0.6234375 0.69375 0.6203125 0.7 0.615625 0.6984375 0.6140625 0.6875 0.61875 0.6734375 0.61875 0.653125 0.6203125 0.6515625 0.61875 0.64375 0.6234375 0.634375 0.6265625 0.6328125
0 0.7421875 0.4859375 0.7421875 0.496875 0.7375 0.496875 0.7328125 0.50625 0.7328125 0.5234375 0.7296875 0.528125 0.728125 0.5125 0.73125 0.5078125 0.73125 0.4921875 0.7359375 0.4859375 0.740625 0.4859375
0 0.6328125 0.73515625 0.0265625 0.04765625
0 0.596875 0.6875 0.603125 0.696875 0.6078125 0.696875 0.609375 0.70625 0.6078125 0.7203125 0.6046875 0.7234375 0.6 0.7234375 0.590625 0.7375 0.5875 0.7359375 0.5875 0.71875 0.59375 0.7046875 0.59375 0.6921875 0.596875 0.6890625
0 0.6046875 0.7234375 0.60625 0.73125 0.6140625 0.7453125 0.6078125 0.75625 0.6 0.7578125 0.5921875 0.765625 0.590625 0.7734375 0.584375 0.7828125 0.5828125 0.775 0.5859375 0.7640625 0.5859375 0.7484375 0.5875 0.74375 0.5921875 0.740625 0.5984375 0.7265625 0.603125 0.7234375
0 0.74375 0.5921875 0.75 0.5875 0.7515625 0.578125 0.7546875 0.5765625 0.7625 0.59375 0.7609375 0.615625 0.7578125 0.6203125 0.7546875 0.64375 0.7515625 0.65 0.7484375 0.65 0.7484375 0.64375 0.7453125 0.640625 0.746875 0.60625 0.7390625 0.5984375 0.74375 0.59375
0 0.6921875 0.559375 0.69375 0.5609375 0.6921875 0.5625 0.6921875 0.596875 0.6890625 0.5953125 0.6875 0.5890625 0.6859375 0.596875 0.675 0.6015625 0.675 0.5984375 0.68125 0.5953125 0.6796875 0.578125 0.6875 0.5703125 0.6875 0.565625 0.690625 0.5609375
0 0.7875 0.56875 0.7921875 0.571875 0.7921875 0.6015625 0.7859375 0.6171875 0.7859375 0.6328125 0.78125 0.63125 0.775 0.6328125 0.7765625 0.621875 0.78125 0.615625 0.78125 0.5828125 0.7875 0.5703125
0 0.7078125 0.4875 0.7109375 0.4875 0.7125 0.4984375 0.7109375 0.5234375 0.7015625 0.528125 0.7015625 0.509375 0.7078125 0.4890625
0 0.7421875 0.4546875 0.746875 0.45625 0.7484375 0.4609375 0.7484375 0.4796875 0.74375 0.4828125 0.7390625 0.4828125 0.7328125 0.490625 0.7296875 0.4875 0.73125 0.4765625 0.7421875 0.45625
0 0.6125 0.6328125 0.615625 0.634375 0.61875 0.64375 0.6171875 0.6453125 0.61875 0.66875 0.6125 0.6859375 0.6109375 0.6984375 0.6046875 0.6890625 0.603125 0.6640625 0.6 0.659375 0.6 0.653125 0.60625 0.640625 0.6125 0.634375