0 0.41640625 0.74453125 0.0171875 0.07734375
0 0.63125 0.5984375 0.6359375 0.60625 0.6375 0.61875 0.6359375 0.6375 0.63125 0.64375 0.63125 0.6515625 0.6296875 0.653125 0.6265625 0.6515625 0.625 0.6328125 0.63125 0.6
0 0.7375 0.4953125 0.7375 0.4734375 0.740625 0.465625 0.74375 0.4671875 0.746875 0.4765625 0.746875 0.4875 0.74375 0.4953125 0.7390625 0.4953125
0 0.6703125 0.68125 0.6734375 0.6828125 0.6734375 0.6921875 0.6765625 0.7015625 0.6765625 0.7296875 0.6734375 0.734375 0.6734375 0.7421875 0.6671875 0.7578125 0.6609375 0.7546875 0.6609375 0.7453125 0.6640625 0.7296875 0.6625 0.7015625 0.66875 0.6828125
0 0.5046875 0.65625 0.5109375 0.6640625 0.5140625 0.6625 0.5171875 0.66875 0.5171875 0.678125 0.5109375 0.6875 0.5109375 0.7203125 0.50625 0.7203125 0.50625 0.7078125 0.503125 0.703125 0.5046875 0.684375 0.5 0.678125 0.5 0.665625 0.5046875 0.6578125
0 0.4296875 0.7078125 0.4359375 0.7171875 0.4359375 0.74375 0.4328125 0.75 0.43125 0.7765625 0.428125 0.7796875 0.425 0.778125 0.425 0.7546875 0.4234375 0.753125 0.425 0.715625 0.4296875 0.709375
0 0.6953125 0.671875 0.6984375 0.6765625 0.7 0.6875 0.696875 0.746875 0.6953125 0.7484375 0.69375 0.746875 0.69375 0.7375 0.690625 0.734375 0.6859375 0.7390625 0.684375 0.753125 0.6828125 0.753125 0.68125 0.7453125 0.6875 0.7171875 0.6875 0.6765625 0.69375 0.671875
0 0.6359375 0.6171875 0.63125 0.6125 0.6265625 0.6234375 0.6265625 0.6390625 0.6296875 0.6515625 0.6234375 0.6578125 0.6203125 0.6578125 0.61875 0.6546875 0.61875 0.6015625 0.621875 0.59375 0.625 0.5890625 0.6296875 0.5921875 0.6296875 0.596875 0.6359375 0.609375 0.6359375 0.615625
0 0.46875 0.6296875 0.4734375 0.6328125 0.4734375 0.64375 0.4765625 0.6546875 0.4765625 0.6640625 0.4734375 0.6703125 0.471875 0.684375 0.471875 0.6984375 0.46875 0.70625 0.465625 0.70625 0.4640625 0.703125 0.4625 0.64375 0.46875 0.63125
0 0.5734375 0.621875 0.5859375 0.6328125 0.5859375 0.6375 0.58125 0.64375 0.5828125 0.6828125 0.5734375 0.6953125 0.56875 0.690625 0.56875 0.6734375 0.565625 0.6703125 0.5671875 0.634375 0.56875 0.6234375 0.571875 0.621875
0 0.646875 0.5796875 0.6515625 0.58125 0.6515625 0.584375 0.6578125 0.590625 0.653125 0.640625 0.6453125 0.64375 0.64375 0.6421875 0.6453125 0.6265625 0.64375 0.6015625 0.646875 0.58125