0 0.3984375 0.6484375 0.4046875 0.6515625 0.4109375 0.6515625 0.4109375 0.671875 0.40625 0.675 0.4015625 0.675 0.4 0.678125 0.39375 0.6671875 0.39375 0.65 0.396875 0.6484375
0 0.3734375 0.625 0.3734375 0.6328125 0.378125 0.64375 0.3765625 0.6796875 0.3734375 0.6890625 0.36875 0.6859375 0.36875 0.6625 0.365625 0.6609375 0.3625 0.6640625 0.3625 0.634375 0.3671875 0.625 0.36875 0.6234375 0.371875 0.625
0 0.6421875 0.7375 0.646875 0.746875 0.646875 0.7546875 0.64375 0.7578125 0.6390625 0.7859375 0.6328125 0.7859375 0.628125 0.7796875 0.6265625 0.7453125 0.63125 0.7359375 0.640625 0.7375
0 0.4734375 0.6078125 0.475 0.6171875 0.478125 0.6203125 0.478125 0.640625 0.46875 0.6359375 0.4671875 0.6328125 0.4671875 0.6125 0.471875 0.6078125
0 0.303125 0.6015625 0.30625 0.596875 0.3046875 0.590625 0.30625 0.5796875 0.3109375 0.5796875 0.3171875 0.6 0.3203125 0.6015625 0.321875 0.6109375 0.3078125 0.60625 0.3046875 0.6015625
0 0.33125 0.6078125 0.3375 0.6078125 0.34375 0.6296875 0.3421875 0.646875 0.3375 0.653125 0.3421875 0.665625 0.3421875 0.6734375 0.33125 0.6671875 0.321875 0.640625 0.325 0.6140625 0.33125 0.609375
0 0.3640625 0.5890625 0.36875 0.5890625 0.371875 0.5984375 0.371875 0.609375 0.3625 0.6171875 0.3625 0.5921875 0.3640625 0.590625
0 0.3375 0.5921875 0.340625 0.6 0.3390625 0.6125 0.33125 0.6109375 0.3265625 0.6171875 0.3234375 0.6125 0.325 0.596875 0.3265625 0.59375 0.3359375 0.5921875
0 0.40625 0.55 0.4109375 0.5546875 0.4140625 0.56875 0.4109375 0.590625 0.40625 0.6015625 0.4 0.5953125 0.39375 0.6015625 0.39375 0.5921875 0.4 0.58125 0.4 0.56875 0.40625 0.5578125 0.40625 0.5515625
0 0.484375 0.6109375 0.49375 0.6234375 0.490625 0.671875 0.484375 0.675 0.48125 0.6625 0.4796875 0.6203125 0.4828125 0.6125
0 0.421875 0.63125 0.4234375 0.68125 0.4171875 0.684375 0.4125 0.6796875 0.4125 0.6515625 0.421875 0.640625 0.421875 0.6328125