0 0.653125 0.575 0.6609375 0.5828125 0.6609375 0.609375 0.65625 0.6390625 0.653125 0.646875 0.65 0.646875 0.6484375 0.64375 0.65 0.6421875 0.65 0.61875 0.646875 0.596875 0.653125 0.5765625
0 0.83828125 0.50625 0.0140625 0.0609375
0 0.621875 0.403125 0.625 0.4046875 0.6265625 0.4140625 0.6265625 0.4390625 0.625 0.440625 0.6234375 0.4390625 0.6203125 0.425 0.6203125 0.40625 0.621875 0.4046875
0 0.603125 0.6296875 0.609375 0.6421875 0.6046875 0.6890625 0.6046875 0.684375 0.5953125 0.675 0.596875 0.665625 0.59375 0.6609375 0.59375 0.6484375 0.596875 0.6421875 0.5953125 0.63125 0.6015625 0.6296875
0 0.6234375 0.684375 0.625 0.6953125 0.6296875 0.703125 0.6296875 0.7140625 0.6234375 0.7359375 0.6234375 0.7515625 0.621875 0.7546875 0.615625 0.7578125 0.6125 0.75625 0.6109375 0.703125 0.61875 0.6921875 0.61875 0.6859375 0.621875 0.684375
0 0.63125 0.7453125 0.6296875 0.7171875 0.63125 0.715625 0.63125 0.690625 0.6328125 0.6890625 0.63125 0.6734375 0.6328125 0.671875 0.6390625 0.6734375 0.640625 0.6828125 0.646875 0.6953125 0.646875 0.70625 0.6421875 0.7171875 0.6421875 0.7328125 0.6359375 0.74375 0.6328125 0.7453125
0 0.6375 0.640625 0.6375 0.628125 0.634375 0.6140625 0.63125 0.609375 0.63125 0.590625 0.6375 0.5796875 0.640625 0.58125 0.64375 0.59375 0.6421875 0.640625 0.6390625 0.640625
0 0.625 0.60625 0.6296875 0.6078125 0.634375 0.628125 0.6328125 0.6390625 0.6296875 0.6421875 0.6296875 0.6609375 0.6265625 0.6671875 0.621875 0.6625 0.6234375 0.6453125 0.6203125 0.6390625 0.6203125 0.6203125 0.625 0.6078125
0 0.5921875 0.6171875 0.5953125 0.609375 0.5953125 0.6015625 0.5984375 0.6 0.6046875 0.6078125 0.6046875 0.628125 0.603125 0.6296875 0.596875 0.628125 0.5953125 0.6296875 0.596875 0.6328125 0.59375 0.6328125 0.59375 0.61875
0 0.74375 0.5125 0.7484375 0.5140625 0.75 0.5203125 0.746875 0.5734375 0.74375 0.5578125 0.740625 0.5609375 0.7390625 0.56875 0.740625 0.5703125 0.7375 0.5765625 0.7375 0.5234375 0.74375 0.5140625
0 0.64609375 0.4265625 0.01015625 0.04375
0 0.58125 0.609375 0.5859375 0.609375 0.5859375 0.61875 0.5921875 0.6296875 0.59375 0.6375 0.59375 0.6484375 0.5875 0.65625 0.5859375 0.675 0.5828125 0.684375 0.5828125 0.7046875 0.5734375 0.6984375 0.5734375 0.684375 0.5703125 0.678125 0.5703125 0.671875 0.575 0.66875 0.575 0.653125 0.5703125 0.65 0.5703125 0.6421875 0.58125 0.6109375
0 0.6734375 0.7390625 0.675 0.7453125 0.66875 0.7484375 0.6671875 0.7515625 0.6625 0.7515625 0.6625 0.7109375 0.6640625 0.709375 0.6640625 0.69375 0.66875 0.6828125 0.6671875 0.6796875 0.66875 0.66875 0.6671875 0.6609375 0.66875 0.659375 0.6703125 0.659375 0.6703125 0.6671875 0.678125 0.675 0.6765625 0.6890625 0.6796875 0.696875 0.6796875 0.70625 0.675 0.7125 0.6765625 0.7234375 0.6703125 0.734375 0.671875 0.7390625