0 0.58359375 0.74453125 0.0171875 0.07734375
0 0.3671875 0.5984375 0.36875 0.615625 0.3734375 0.6328125 0.371875 0.6515625 0.3703125 0.653125 0.3671875 0.6515625 0.3671875 0.64375 0.3625 0.6375 0.3609375 0.6265625 0.3625 0.60625 0.365625 0.6
0 0.2546875 0.4953125 0.2515625 0.4875 0.2515625 0.4765625 0.25625 0.465625 0.259375 0.4671875 0.2609375 0.4734375 0.2609375 0.4953125 0.25625 0.4953125
0 0.328125 0.68125 0.3359375 0.7015625 0.334375 0.7296875 0.3375 0.7546875 0.33125 0.7578125 0.328125 0.753125 0.325 0.734375 0.321875 0.7296875 0.321875 0.7015625 0.325 0.6921875 0.325 0.6828125 0.3265625 0.6828125
0 0.4921875 0.65625 0.4984375 0.665625 0.4984375 0.678125 0.49375 0.684375 0.4953125 0.703125 0.4921875 0.7078125 0.4921875 0.7203125 0.4875 0.7203125 0.4875 0.6875 0.48125 0.678125 0.4828125 0.6640625 0.484375 0.6625 0.4875 0.6640625 0.4921875 0.6578125
0 0.5671875 0.7078125 0.5734375 0.715625 0.5734375 0.7375 0.575 0.7390625 0.5734375 0.778125 0.5703125 0.7796875 0.5671875 0.7765625 0.565625 0.75 0.5625 0.74375 0.5625 0.7171875 0.5671875 0.709375
0 0.30625 0.671875 0.3109375 0.6765625 0.3109375 0.7171875 0.3171875 0.7453125 0.315625 0.753125 0.3125 0.7515625 0.3125 0.7390625 0.3078125 0.734375 0.3046875 0.7375 0.3046875 0.746875 0.303125 0.7484375 0.3015625 0.746875 0.2984375 0.6875 0.3 0.6765625 0.3046875 0.671875
0 0.3625 0.615625 0.365625 0.6 0.371875 0.5890625 0.375 0.590625 0.3796875 0.6015625 0.3796875 0.6546875 0.378125 0.6578125 0.375 0.6578125 0.36875 0.6515625 0.371875 0.6390625 0.371875 0.6234375 0.36875 0.6140625 0.365625 0.6125 0.3625 0.6171875
0 0.5296875 0.6296875 0.5359375 0.64375 0.5328125 0.70625 0.5296875 0.70625 0.5265625 0.6984375 0.525 0.6703125 0.521875 0.6640625 0.525 0.6328125 0.528125 0.63125
0 0.428125 0.621875 0.43125 0.634375 0.4328125 0.6703125 0.4296875 0.6734375 0.4296875 0.690625 0.425 0.6953125 0.415625 0.6828125 0.4171875 0.64375 0.4125 0.6375 0.4125 0.6328125 0.4265625 0.621875
0 0.346875 0.58125 0.3515625 0.5796875 0.3546875 0.6015625 0.353125 0.6140625 0.3546875 0.6421875 0.35 0.64375 0.3453125 0.640625 0.340625 0.590625 0.346875 0.5828125