0 0.428125 0.6796875 0.4296875 0.6828125 0.428125 0.709375 0.421875 0.734375 0.41875 0.73125 0.41875 0.725 0.4109375 0.7203125 0.4140625 0.703125 0.4109375 0.684375 0.4125 0.6765625 0.4171875 0.6703125 0.421875 0.6703125 0.4265625 0.6796875
0 0.459375 0.6515625 0.45625 0.646875 0.45625 0.621875 0.4515625 0.60625 0.4546875 0.5890625 0.4578125 0.5875 0.4640625 0.6 0.4609375 0.65
0 0.3890625 0.7578125 0.3875 0.7421875 0.3828125 0.7265625 0.384375 0.703125 0.3875 0.69375 0.3921875 0.69375 0.3921875 0.7 0.3984375 0.7078125 0.403125 0.734375 0.4015625 0.74375 0.403125 0.7609375 0.3984375 0.7609375 0.396875 0.7578125 0.390625 0.7578125
0 0.2515625 0.4234375 0.2546875 0.4265625 0.2546875 0.43125 0.259375 0.4375 0.2609375 0.4453125 0.259375 0.446875 0.2578125 0.48125 0.25625 0.4828125 0.253125 0.48125 0.25 0.4640625 0.25 0.4453125 0.2484375 0.44375 0.25 0.4421875 0.25 0.425
0 0.390625 0.634375 0.3953125 0.640625 0.3953125 0.6484375 0.3984375 0.653125 0.3953125 0.671875 0.3890625 0.671875 0.3859375 0.6671875 0.3875 0.640625 0.390625 0.6359375
0 0.421875 0.5828125 0.425 0.596875 0.4296875 0.6 0.4296875 0.60625 0.4359375 0.6171875 0.428125 0.621875 0.425 0.6515625 0.421875 0.6515625 0.41875 0.61875 0.4125 0.609375 0.41875 0.596875 0.41875 0.5890625 0.421875 0.584375
0 0.30625 0.5453125 0.3078125 0.5546875 0.3109375 0.5578125 0.3109375 0.5796875 0.3125 0.58125 0.3109375 0.6046875 0.3015625 0.5953125 0.3 0.55625 0.3015625 0.546875 0.3046875 0.5453125
0 0.2953125 0.546875 0.3 0.5609375 0.3 0.5765625 0.3015625 0.578125 0.2984375 0.59375 0.3 0.60625 0.2984375 0.6078125 0.29375 0.60625 0.2875 0.5640625 0.2890625 0.5515625 0.29375 0.546875
0 0.584375 0.871875 0.5890625 0.884375 0.5890625 0.8921875 0.5859375 0.8953125 0.5859375 0.9125 0.5671875 0.9125 0.5640625 0.909375 0.5625 0.89375 0.559375 0.8875 0.5625 0.8734375 0.5671875 0.871875 0.5703125 0.8671875 0.5703125 0.85625 0.5734375 0.8515625 0.578125 0.85625 0.5796875 0.86875 0.5828125 0.871875
0 0.4421875 0.6171875 0.4484375 0.625 0.446875 0.6640625 0.44375 0.6703125 0.4390625 0.66875 0.4375 0.65 0.4328125 0.6421875 0.4375 0.6265625 0.4375 0.61875 0.440625 0.6171875
0 0.5375 0.8390625 0.5421875 0.8390625 0.54375 0.8515625 0.5546875 0.8671875 0.5546875 0.871875 0.5515625 0.875 0.5484375 0.9109375 0.546875 0.9125 0.5375 0.9109375 0.5375 0.903125 0.53125 0.896875 0.5296875 0.8921875 0.5296875 0.8734375 0.5265625 0.8671875 0.5265625 0.85625 0.5359375 0.846875 0.5375 0.840625