0 0.384375 0.6453125 0.3859375 0.6453125 0.3859375 0.6515625 0.3921875 0.6609375 0.39375 0.66875 0.3984375 0.675 0.3984375 0.6796875 0.3921875 0.6828125 0.3921875 0.690625 0.3859375 0.7046875 0.3859375 0.725 0.38125 0.7234375 0.3796875 0.703125 0.378125 0.6953125 0.375 0.6921875 0.375 0.65625 0.384375 0.646875
0 0.58125 0.734375 0.590625 0.734375 0.596875 0.7453125 0.596875 0.7625 0.5921875 0.7703125 0.5921875 0.7921875 0.5875 0.79375 0.5796875 0.7859375 0.5765625 0.746875 0.58125 0.7359375
0 0.4 0.675 0.39375 0.6640625 0.3890625 0.646875 0.390625 0.6109375 0.39375 0.609375 0.4015625 0.625 0.4015625 0.640625 0.4 0.6421875 0.4015625 0.6734375
0 0.1625 0.4875 0.16875 0.4890625 0.16875 0.49375 0.1734375 0.503125 0.171875 0.509375 0.1734375 0.5421875 0.1703125 0.546875 0.1640625 0.5453125 0.1609375 0.515625 0.1625 0.4890625
0 0.496875 0.653125 0.5 0.653125 0.5046875 0.66875 0.503125 0.7015625 0.50625 0.7140625 0.5 0.7203125 0.49375 0.7203125 0.4875 0.7140625 0.4875 0.6875 0.484375 0.68125 0.4875 0.6703125 0.496875 0.6546875
0 0.2609375 0.6421875 0.265625 0.6453125 0.2671875 0.6515625 0.2703125 0.671875 0.2671875 0.6765625 0.265625 0.6859375 0.2765625 0.7203125 0.275 0.721875 0.26875 0.7203125 0.26875 0.7125 0.265625 0.70625 0.2609375 0.7078125 0.2609375 0.7140625 0.25625 0.7125 0.2546875 0.6625 0.25625 0.6484375 0.259375 0.64375
0 0.2890625 0.5234375 0.2921875 0.5234375 0.296875 0.5296875 0.2984375 0.5375 0.2984375 0.5453125 0.2921875 0.5546875 0.2921875 0.5671875 0.2890625 0.5703125 0.2875 0.5578125 0.284375 0.5546875 0.284375 0.54375 0.2890625 0.525
0 0.340625 0.6296875 0.3484375 0.6421875 0.346875 0.675 0.3421875 0.675 0.3359375 0.66875 0.334375 0.6640625 0.3359375 0.6609375 0.334375 0.659375 0.3359375 0.6546875 0.3359375 0.6390625 0.334375 0.6375 0.3359375 0.63125 0.3390625 0.6296875
0 0.240625 0.5453125 0.01640625 0.06796875
0 0.26875 0.5859375 0.2765625 0.59375 0.2765625 0.6015625 0.2828125 0.6140625 0.28125 0.61875 0.275 0.615625 0.275 0.6125 0.265625 0.6046875 0.2625 0.590625 0.2671875 0.5859375
0 0.359375 0.5828125 0.3609375 0.5828125 0.3625 0.590625 0.3671875 0.59375 0.3671875 0.6421875 0.3625 0.64375 0.359375 0.6328125 0.359375 0.6234375 0.35625 0.6171875 0.35625 0.5875 0.359375 0.584375