0 0.3515625 0.565625 0.3578125 0.571875 0.3625 0.5890625 0.359375 0.63125 0.3546875 0.6296875 0.35 0.6109375 0.35 0.56875 0.3515625 0.5671875
0 0.4625 0.6 0.4671875 0.6 0.4671875 0.615625 0.4703125 0.6203125 0.4671875 0.6296875 0.4703125 0.64375 0.4625 0.659375 0.4625 0.634375 0.4609375 0.6328125 0.4625 0.6015625
0 0.190625 0.3921875 0.1921875 0.39375 0.1921875 0.41875 0.1828125 0.4078125 0.1859375 0.39375 0.1890625 0.3921875
0 0.4703125 0.6484375 0.4734375 0.6515625 0.4734375 0.6578125 0.478125 0.66875 0.4734375 0.678125 0.4671875 0.68125 0.4640625 0.6796875 0.4625 0.659375 0.46875 0.65
0 0.49375 0.64375 0.4984375 0.64375 0.5 0.659375 0.5046875 0.66875 0.5046875 0.70625 0.4953125 0.715625 0.4875 0.7125 0.4875 0.684375 0.4828125 0.678125 0.4828125 0.671875 0.4875 0.6671875 0.4875 0.659375 0.49375 0.6453125
0 0.3109375 0.4140625 0.3109375 0.44375 0.3140625 0.45625 0.30625 0.4546875 0.3046875 0.4140625 0.30625 0.4125 0.309375 0.4140625
0 0.3625 0.5703125 0.3671875 0.5703125 0.3671875 0.5796875 0.3734375 0.5921875 0.371875 0.60625 0.3734375 0.6296875 0.3625 0.63125 0.3625 0.5796875 0.3609375 0.578125 0.3625 0.571875
0 0.290625 0.4796875 0.0140625 0.0515625
0 0.34375 0.55625 0.346875 0.5578125 0.3484375 0.5625 0.3484375 0.6 0.35 0.6015625 0.35 0.6203125 0.3484375 0.621875 0.3453125 0.61875 0.3421875 0.5921875 0.3375 0.5859375 0.3375 0.571875 0.34375 0.5578125
0 0.325 0.5578125 0.33125 0.58125 0.328125 0.615625 0.325 0.615625 0.3234375 0.6125 0.3234375 0.6 0.31875 0.5875 0.31875 0.5703125 0.3234375 0.559375
0 0.478125 0.603125 0.4921875 0.6234375 0.4921875 0.6296875 0.4875 0.6390625 0.4859375 0.6609375 0.48125 0.6671875 0.4765625 0.6625 0.475 0.64375 0.4703125 0.6375 0.4703125 0.621875 0.475 0.6171875 0.478125 0.6046875