0 0.4359375 0.6296875 0.4421875 0.6375 0.446875 0.6546875 0.4453125 0.6734375 0.4484375 0.6859375 0.4484375 0.6890625 0.44375 0.6921875 0.4390625 0.6890625 0.4390625 0.6796875 0.4328125 0.6640625 0.43125 0.6453125 0.434375 0.640625 0.4359375 0.63125
0 0.2625 0.484375 0.265625 0.4828125 0.26875 0.484375 0.2734375 0.4984375 0.2734375 0.5140625 0.2703125 0.5234375 0.26875 0.525 0.265625 0.5234375 0.265625 0.5078125 0.259375 0.4953125 0.259375 0.4890625 0.2625 0.4859375
0 0.75 0.85234375 0.0203125 0.04609375
0 0.2859375 0.484375 0.2875 0.475 0.290625 0.4734375 0.296875 0.4859375 0.296875 0.5265625 0.2875 0.5234375 0.2890625 0.5171875 0.2875 0.4859375
0 0.2828125 0.634375 0.2859375 0.634375 0.2890625 0.640625 0.2875 0.64375 0.2953125 0.659375 0.29375 0.6734375 0.2953125 0.715625 0.2921875 0.7171875 0.2890625 0.7109375 0.2859375 0.7125 0.2828125 0.709375 0.28125 0.6796875 0.275 0.6671875 0.275 0.6546875 0.28125 0.646875 0.2828125 0.6359375
0 0.275 0.475 0.2796875 0.4828125 0.28125 0.5109375 0.284375 0.51875 0.284375 0.521875 0.28125 0.521875 0.275 0.515625 0.275 0.4953125 0.271875 0.4875 0.271875 0.48125 0.275 0.4765625
0 0.396875 0.6578125 0.39375 0.6359375 0.39375 0.59375 0.396875 0.590625 0.4 0.5921875 0.4015625 0.6015625 0.40625 0.609375 0.4046875 0.6140625 0.4046875 0.6609375 0.3984375 0.6578125
0 0.35625 0.55625 0.3609375 0.55625 0.3609375 0.5671875 0.3671875 0.58125 0.3640625 0.596875 0.3640625 0.6171875 0.3671875 0.621875 0.3625 0.6234375 0.3578125 0.61875 0.35625 0.58125 0.3546875 0.5796875 0.35625 0.5578125
0 0.321875 0.5265625 0.3234375 0.528125 0.3234375 0.54375 0.3265625 0.55 0.3265625 0.578125 0.3296875 0.5859375 0.328125 0.590625 0.321875 0.5890625 0.31875 0.575 0.3171875 0.540625 0.31875 0.528125 0.3203125 0.528125
0 0.609375 0.690625 0.615625 0.7078125 0.6109375 0.734375 0.6125 0.7359375 0.6125 0.7625 0.6109375 0.7640625 0.60625 0.7609375 0.6046875 0.7359375 0.6015625 0.725 0.6015625 0.7078125 0.6046875 0.7015625 0.6046875 0.6921875 0.6078125 0.690625
0 0.4296875 0.6234375 0.434375 0.6375 0.43125 0.6453125 0.4296875 0.68125 0.425 0.6796875 0.425 0.6640625 0.41875 0.653125 0.4171875 0.64375 0.41875 0.6328125 0.428125 0.6234375
0 0.49375 0.6484375 0.4984375 0.653125 0.4984375 0.6984375 0.4921875 0.7015625 0.4875 0.6984375 0.4875 0.6796875 0.484375 0.671875 0.484375 0.6609375 0.4921875 0.65
0 0.5921875 0.69375 0.5984375 0.70625 0.5984375 0.715625 0.6015625 0.7265625 0.5984375 0.7421875 0.5984375 0.7625 0.596875 0.7640625 0.590625 0.7625 0.5875 0.7453125 0.5875 0.703125 0.590625 0.6953125
0 0.3546875 0.51875 0.359375 0.5203125 0.3640625 0.5359375 0.3625 0.5546875 0.359375 0.55625 0.3546875 0.5546875 0.3515625 0.5375 0.3515625 0.5265625 0.3546875 0.5203125
0 0.6390625 0.746875 0.64375 0.746875 0.646875 0.75 0.646875 0.765625 0.64375 0.7734375 0.6453125 0.7875 0.6421875 0.790625 0.64375 0.8140625 0.6421875 0.81875 0.6390625 0.81875 0.6375 0.8171875 0.6375 0.7953125 0.640625 0.7921875 0.6375 0.7625 0.6390625 0.7484375
0 0.63125 0.7453125 0.634375 0.7484375 0.6359375 0.7609375 0.6390625 0.7671875 0.6359375 0.815625 0.6296875 0.815625 0.6203125 0.8078125 0.6203125 0.7890625 0.61875 0.7796875 0.615625 0.775 0.61875 0.7578125 0.625 0.753125 0.6265625 0.746875 0.6296875 0.7453125
0 0.475 0.6421875 0.4796875 0.6421875 0.48125 0.6453125 0.4796875 0.653125 0.48125 0.675 0.4796875 0.678125 0.475 0.678125 0.4734375 0.675 0.4703125 0.675 0.4703125 0.6546875 0.475 0.64375
0 0.56015625 0.87421875 0.025 0.07890625