1773510698445 0.0 0
1773510757103 0.0 1
1773510825285 0.00012 2
1773510910651 0.0 3
1773510982221 0.0 4
1773511056801 5e-05 5
1773511150661 2e-05 6
1773511238797 0.0 7
1773511366240 0.0002 8
1773511529752 0.0 9
1773511771085 0.0 10
1773511890015 0.00051 11
1773511928803 3e-05 12
1773511964165 0.00046 13
1773512000063 0.0 14
1773512037334 0.00053 15
1773512074247 0.00049 16
1773512120457 0.00027 17
1773512148760 0.0 18
1773512184790 0.0 19
1773512223637 0.00036 20
1773512283451 0.0001 21
1773512324885 0.0 22
1773512374958 0.0 23
1773512425485 0.0 24
1773512487989 0.00051 25
1773512553719 0.00039 26
1773512617307 0.00053 27
1773512679346 0.0013 28
1773512726868 0.00099 29
1773512766990 0.00037 30
1773512806941 0.00051 31
1773512846492 0.00118 32
1773512886511 0.00203 33
1773512926570 0.00227 34
1773512966217 0.00109 35
1773513006244 0.00208 36
1773513046663 0.0041 37
1773513088053 0.0025 38
1773513129355 0.0142 39
1773513170611 0.00855 40
1773513211749 0.01635 41
1773513252406 0.02715 42
1773513299926 0.09606 43
1773513340643 0.04844 44
1773513382931 0.11716 45
1773513425686 0.0582 46
1773513464053 0.08274 47
1773513504509 0.07786 48
1773513544449 0.06002 49
1773513584437 0.06859 50
1773513624577 0.08503 51
1773513664598 0.06827 52
1773513704742 0.04839 53
1773513744818 0.07181 54
1773513785342 0.11054 55
1773513825574 0.11771 56
1773513865951 0.09963 57
1773513906515 0.08413 58
1773513947172 0.06662 59
1773513987390 0.02016 60
1773514029062 0.06189 61
1773514070736 0.07127 62
1773514112694 0.09442 63
1773514153860 0.06238 64
1773514200223 0.11086 65
1773514233443 0.10747 66
1773514274388 0.05935 67
1773514315064 0.01702 68
1773514357744 0.06152 69
1773514400837 0.10351 70
1773514442858 0.13694 71
1773514486675 0.09968 72
1773514530872 0.08919 73
1773514575355 0.12634 74
1773514619698 0.13639 75
1773514663283 0.08744 76
1773514709923 0.1215 77
1773514753134 0.11453 78
1773514797957 0.13811 79
1773514842945 0.11158 80
1773514886666 0.09499 81
1773514928778 0.08727 82
1773514973225 0.08551 83
1773515011929 0.07498 84
1773515032257 0.1203 85
1773515059700 0.10363 86
1773515111010 0.07179 87
1773515155891 0.07617 88
1773515197511 0.10642 89
1773515296295 0.15559 90
1773515337948 0.14912 91
1773515384553 0.1396 92
1773515429584 0.13706 93
1773515453268 0.13371 94
1773515477514 0.10847 95
1773515517753 0.08593 96
1773515537825 0.07822 97
1773515556815 0.07987 98
1773515578391 0.05508 99
1773515582077 0.1330062271538246 99
