1773510698445 0.0 0
1773510757103 0.0 1
1773510825285 1e-05 2
1773510910651 0.0 3
1773510982221 0.0 4
1773511056801 2e-05 5
1773511150661 0.0 6
1773511238797 0.0 7
1773511366240 4e-05 8
1773511529752 0.0 9
1773511771085 0.0 10
1773511890015 0.00016 11
1773511928803 1e-05 12
1773511964165 0.0001 13
1773512000063 0.0 14
1773512037334 0.00013 15
1773512074247 0.00014 16
1773512120457 6e-05 17
1773512148760 0.0 18
1773512184790 0.0 19
1773512223637 9e-05 20
1773512283451 2e-05 21
1773512324885 0.0 22
1773512374958 0.0 23
1773512425485 0.0 24
1773512487989 0.00012 25
1773512553719 8e-05 26
1773512617307 0.00011 27
1773512679346 0.00031 28
1773512726868 0.00027 29
1773512766990 8e-05 30
1773512806941 0.00011 31
1773512846492 0.00027 32
1773512886511 0.00045 33
1773512926570 0.00047 34
1773512966217 0.00022 35
1773513006244 0.00044 36
1773513046663 0.00074 37
1773513088053 0.0006 38
1773513129355 0.0027 39
1773513170611 0.00198 40
1773513211749 0.00563 41
1773513252406 0.00865 42
1773513299926 0.03799 43
1773513340643 0.01732 44
1773513382931 0.03796 45
1773513425686 0.02177 46
1773513464053 0.03545 47
1773513504509 0.02769 48
1773513544449 0.01839 49
1773513584437 0.02074 50
1773513624577 0.02515 51
1773513664598 0.02788 52
1773513704742 0.0207 53
1773513744818 0.03164 54
1773513785342 0.04269 55
1773513825574 0.0573 56
1773513865951 0.05169 57
1773513906515 0.0343 58
1773513947172 0.02986 59
1773513987390 0.00934 60
1773514029062 0.03525 61
1773514070736 0.03449 62
1773514112694 0.02979 63
1773514153860 0.0232 64
1773514200223 0.04775 65
1773514233443 0.03599 66
1773514274388 0.01608 67
1773514315064 0.00384 68
1773514357744 0.0144 69
1773514400837 0.03346 70
1773514442858 0.04931 71
1773514486675 0.04496 72
1773514530872 0.04146 73
1773514575355 0.05305 74
1773514619698 0.06257 75
1773514663283 0.03683 76
1773514709923 0.05457 77
1773514753134 0.04658 78
1773514797957 0.05862 79
1773514842945 0.03759 80
1773514886666 0.02789 81
1773514928778 0.02686 82
1773514973225 0.03541 83
1773515011929 0.02856 84
1773515032257 0.04053 85
1773515059700 0.04346 86
1773515111010 0.0333 87
1773515155891 0.03029 88
1773515197511 0.03491 89
1773515296295 0.06137 90
1773515337948 0.06014 91
1773515384553 0.0592 92
1773515429584 0.06038 93
1773515453268 0.06315 94
1773515477514 0.04678 95
1773515517753 0.03324 96
1773515537825 0.0286 97
1773515556815 0.03031 98
1773515578391 0.01499 99
1773515582077 0.06302645645978644 99
