1773510698445 0.0 0
1773510757103 0.0 1
1773510825285 0.00021 2
1773510910651 0.0 3
1773510982221 0.0 4
1773511056801 0.0001 5
1773511150661 3e-05 6
1773511238797 0.0 7
1773511366240 0.00037 8
1773511529752 0.0 9
1773511771085 0.0 10
1773511890015 0.00087 11
1773511928803 7e-05 12
1773511964165 0.0008 13
1773512000063 0.0 14
1773512037334 0.00083 15
1773512074247 0.00083 16
1773512120457 0.0005 17
1773512148760 0.0 18
1773512184790 0.0 19
1773512223637 0.00063 20
1773512283451 0.0002 21
1773512324885 0.0 22
1773512374958 0.0 23
1773512425485 0.0 24
1773512487989 0.00078 25
1773512553719 0.00067 26
1773512617307 0.0009 27
1773512679346 0.0012 28
1773512726868 0.0014 29
1773512766990 0.00068 30
1773512806941 0.00092 31
1773512846492 0.00177 32
1773512886511 0.00208 33
1773512926570 0.002 34
1773512966217 0.0016 35
1773513006244 0.0022 36
1773513046663 0.00259 37
1773513088053 0.00436 38
1773513129355 0.03703 39
1773513170611 0.02266 40
1773513211749 0.03656 41
1773513252406 0.08441 42
1773513299926 0.22016 43
1773513340643 0.16353 44
1773513382931 0.33529 45
1773513425686 0.47373 46
1773513464053 0.20075 47
1773513504509 0.30484 48
1773513544449 0.17801 49
1773513584437 0.17594 50
1773513624577 0.28151 51
1773513664598 0.20245 52
1773513704742 0.11337 53
1773513744818 0.24161 54
1773513785342 0.31619 55
1773513825574 0.26186 56
1773513865951 0.22373 57
1773513906515 0.17142 58
1773513947172 0.17863 59
1773513987390 0.06105 60
1773514029062 0.10574 61
1773514070736 0.37766 62
1773514112694 0.22314 63
1773514153860 0.19388 64
1773514200223 0.22561 65
1773514233443 0.25647 66
1773514274388 0.12714 67
1773514315064 0.06929 68
1773514357744 0.24467 69
1773514400837 0.26413 70
1773514442858 0.29481 71
1773514486675 0.28479 72
1773514530872 0.2284 73
1773514575355 0.26412 74
1773514619698 0.28627 75
1773514663283 0.16199 76
1773514709923 0.21735 77
1773514753134 0.19999 78
1773514797957 0.27363 79
1773514842945 0.22989 80
1773514886666 0.21512 81
1773514928778 0.26095 82
1773514973225 0.30895 83
1773515011929 0.29887 84
1773515032257 0.21746 85
1773515059700 0.17175 86
1773515111010 0.30959 87
1773515155891 0.23007 88
1773515197511 0.25144 89
1773515296295 0.30386 90
1773515337948 0.39482 91
1773515384553 0.30074 92
1773515429584 0.26538 93
1773515453268 0.25666 94
1773515477514 0.21095 95
1773515517753 0.18646 96
1773515537825 0.1875 97
1773515556815 0.17881 98
1773515578391 0.15535 99
1773515582077 0.2588111168762135 99
