1773510698445 0.0 0
1773510757103 0.0 1
1773510825285 0.02532 2
1773510910651 0.0 3
1773510982221 0.0 4
1773511056801 0.01899 5
1773511150661 0.00633 6
1773511238797 0.0 7
1773511366240 0.06962 8
1773511529752 0.0 9
1773511771085 0.0 10
1773511890015 0.16456 11
1773511928803 0.01266 12
1773511964165 0.1519 13
1773512000063 0.0 14
1773512037334 0.15823 15
1773512074247 0.15823 16
1773512120457 0.09494 17
1773512148760 0.0 18
1773512184790 0.0 19
1773512223637 0.12025 20
1773512283451 0.00633 21
1773512324885 0.0 22
1773512374958 0.0 23
1773512425485 0.0 24
1773512487989 0.14557 25
1773512553719 0.12658 26
1773512617307 0.17089 27
1773512679346 0.22785 28
1773512726868 0.26582 29
1773512766990 0.09494 30
1773512806941 0.10127 31
1773512846492 0.1962 32
1773512886511 0.31013 33
1773512926570 0.37975 34
1773512966217 0.3038 35
1773513006244 0.41772 36
1773513046663 0.39873 37
1773513088053 0.20253 38
1773513129355 0.18354 39
1773513170611 0.14557 40
1773513211749 0.12025 41
1773513252406 0.17089 42
1773513299926 0.12658 43
1773513340643 0.07595 44
1773513382931 0.13924 45
1773513425686 0.03432 46
1773513464053 0.16456 47
1773513504509 0.10127 48
1773513544449 0.13924 49
1773513584437 0.15135 50
1773513624577 0.12025 51
1773513664598 0.11392 52
1773513704742 0.12025 53
1773513744818 0.12025 54
1773513785342 0.1519 55
1773513825574 0.17722 56
1773513865951 0.12025 57
1773513906515 0.14557 58
1773513947172 0.11563 59
1773513987390 0.07595 60
1773514029062 0.06329 61
1773514070736 0.0443 62
1773514112694 0.14557 63
1773514153860 0.13291 64
1773514200223 0.18354 65
1773514233443 0.16456 66
1773514274388 0.12025 67
1773514315064 0.08861 68
1773514357744 0.10127 69
1773514400837 0.17039 70
1773514442858 0.24051 71
1773514486675 0.12098 72
1773514530872 0.06962 73
1773514575355 0.20886 74
1773514619698 0.17722 75
1773514663283 0.11392 76
1773514709923 0.21519 77
1773514753134 0.20253 78
1773514797957 0.21519 79
1773514842945 0.15304 80
1773514886666 0.17089 81
1773514928778 0.12516 82
1773514973225 0.05063 83
1773515011929 0.03797 84
1773515032257 0.20886 85
1773515059700 0.12658 86
1773515111010 0.07595 87
1773515155891 0.07595 88
1773515197511 0.14557 89
1773515296295 0.21519 90
1773515337948 0.08228 91
1773515384553 0.19328 92
1773515429584 0.25949 93
1773515453268 0.24051 94
1773515477514 0.22152 95
1773515517753 0.13291 96
1773515537825 0.12658 97
1773515556815 0.13368 98
1773515578391 0.08228 99
1773515582077 0.24050632911392406 99
