1773526853965 0.0 0
1773526871495 0.0 1
1773526889233 0.00019 2
1773526906350 0.0 3
1773526923243 0.0 4
1773526940694 0.00063 5
1773526957974 0.00063 6
1773526975568 0.00072 7
1773526993567 0.00034 8
1773527011385 2e-05 9
1773527083693 0.00045 10
1773527101236 0.00148 11
1773527118538 0.00151 12
1773527136310 0.00291 13
1773527153626 0.00204 14
1773527171020 0.00164 15
1773527188757 0.00124 16
1773527206788 0.00259 17
1773527224316 0.00275 18
1773527241367 0.00243 19
1773527258491 0.00287 20
1773527275643 0.00231 21
1773527292684 0.003 22
1773527309788 0.00264 23
1773527327188 0.00592 24
1773527344835 0.00552 25
1773527362386 0.00632 26
1773527387874 0.00574 27
1773527409572 0.0039 28
1773527428291 0.01029 29
1773527445669 0.00603 30
1773527463181 0.00698 31
1773527480613 0.00684 32
1773527498219 0.00854 33
1773527515720 0.0097 34
1773527533219 0.00949 35
1773527550929 0.01096 36
1773527568609 0.00609 37
1773527585955 0.00642 38
1773527603995 0.00784 39
1773527621996 0.00751 40
1773527639806 0.00931 41
1773527657861 0.01458 42
1773527675431 0.01014 43
1773527693287 0.01498 44
1773527711150 0.01118 45
1773527729063 0.0106 46
1773527746836 0.00688 47
1773527764964 0.01714 48
1773527782865 0.01815 49
1773527800849 0.02306 50
1773527818859 0.02586 51
1773527836850 0.01666 52
1773527854926 0.01975 53
1773527872790 0.02601 54
1773527890619 0.02315 55
1773527908384 0.00816 56
1773527926174 0.02642 57
1773527943814 0.03576 58
1773527961594 0.02452 59
1773527979543 0.0375 60
1773527997496 0.03438 61
1773528015133 0.029 62
1773528032787 0.03889 63
1773528049825 0.03217 64
1773528066860 0.02908 65
1773528084488 0.03195 66
1773528102480 0.04551 67
1773528120064 0.0391 68
1773528137265 0.03874 69
1773528154717 0.05297 70
1773528172130 0.05068 71
1773528190093 0.04798 72
1773528207935 0.05429 73
1773528225788 0.05859 74
1773528262889 0.03865 75
1773528286091 0.03172 76
1773528305729 0.05076 77
1773528323453 0.05 78
1773528340987 0.05845 79
1773528358664 0.07043 80
1773528376428 0.05559 81
1773528394201 0.04487 82
1773528411990 0.06209 83
1773528429557 0.06215 84
1773528447330 0.04512 85
1773528464696 0.0447 86
1773528482368 0.06997 87
1773528500051 0.06435 88
1773528517533 0.06303 89
1773528570589 0.02367 90
1773528587912 0.02205 91
1773528605130 0.01778 92
1773528622499 0.01851 93
1773528639862 0.02164 94
1773528657412 0.03685 95
1773528675255 0.03592 96
1773528692971 0.03527 97
1773528710615 0.03324 98
1773528728476 0.03183 99
1773528732346 0.07031098966099403 99
