1773526853965 0.0 0
1773526871495 0.0 1
1773526889233 9e-05 2
1773526906350 0.0 3
1773526923243 0.0 4
1773526940694 0.00015 5
1773526957974 0.00015 6
1773526975568 0.00018 7
1773526993567 8e-05 8
1773527011385 0.0 9
1773527083693 0.0001 10
1773527101236 0.00039 11
1773527118538 0.00039 12
1773527136310 0.0009 13
1773527153626 0.00057 14
1773527171020 0.00042 15
1773527188757 0.00027 16
1773527206788 0.00067 17
1773527224316 0.00071 18
1773527241367 0.00066 19
1773527258491 0.00071 20
1773527275643 0.00058 21
1773527292684 0.00073 22
1773527309788 0.00067 23
1773527327188 0.00146 24
1773527344835 0.00146 25
1773527362386 0.00188 26
1773527387874 0.00161 27
1773527409572 0.0009 28
1773527428291 0.00319 29
1773527445669 0.00175 30
1773527463181 0.00195 31
1773527480613 0.00207 32
1773527498219 0.00228 33
1773527515720 0.00279 34
1773527533219 0.0025 35
1773527550929 0.00283 36
1773527568609 0.00174 37
1773527585955 0.00186 38
1773527603995 0.00246 39
1773527621996 0.00221 40
1773527639806 0.00258 41
1773527657861 0.00453 42
1773527675431 0.00288 43
1773527693287 0.00536 44
1773527711150 0.00342 45
1773527729063 0.00336 46
1773527746836 0.00193 47
1773527764964 0.00576 48
1773527782865 0.00612 49
1773527800849 0.00796 50
1773527818859 0.00922 51
1773527836850 0.00511 52
1773527854926 0.00615 53
1773527872790 0.00816 54
1773527890619 0.00708 55
1773527908384 0.0028 56
1773527926174 0.00765 57
1773527943814 0.01245 58
1773527961594 0.00835 59
1773527979543 0.01318 60
1773527997496 0.0107 61
1773528015133 0.01035 62
1773528032787 0.01276 63
1773528049825 0.01006 64
1773528066860 0.00877 65
1773528084488 0.01125 66
1773528102480 0.01358 67
1773528120064 0.01326 68
1773528137265 0.01215 69
1773528154717 0.01497 70
1773528172130 0.01462 71
1773528190093 0.0167 72
1773528207935 0.01713 73
1773528225788 0.01702 74
1773528262889 0.01223 75
1773528286091 0.00956 76
1773528305729 0.0149 77
1773528323453 0.01582 78
1773528340987 0.01782 79
1773528358664 0.02203 80
1773528376428 0.01705 81
1773528394201 0.01382 82
1773528411990 0.01908 83
1773528429557 0.01907 84
1773528447330 0.014 85
1773528464696 0.01306 86
1773528482368 0.01976 87
1773528500051 0.01847 88
1773528517533 0.01821 89
1773528570589 0.00716 90
1773528587912 0.00802 91
1773528605130 0.00613 92
1773528622499 0.00701 93
1773528639862 0.00834 94
1773528657412 0.01273 95
1773528675255 0.01262 96
1773528692971 0.01231 97
1773528710615 0.01172 98
1773528728476 0.01144 99
1773528732346 0.021988329359939485 99
