1773526853965 0.0 0
1773526871495 0.0 1
1773526889233 0.00038 2
1773526906350 0.0 3
1773526923243 0.0 4
1773526940694 0.00101 5
1773526957974 0.00112 6
1773526975568 0.00136 7
1773526993567 0.00066 8
1773527011385 4e-05 9
1773527083693 0.00081 10
1773527101236 0.00252 11
1773527118538 0.00252 12
1773527136310 0.00345 13
1773527153626 0.00314 14
1773527171020 0.00283 15
1773527188757 0.00217 16
1773527206788 0.00399 17
1773527224316 0.00411 18
1773527241367 0.00391 19
1773527258491 0.00419 20
1773527275643 0.00357 21
1773527292684 0.00384 22
1773527309788 0.00364 23
1773527327188 0.00516 24
1773527344835 0.00504 25
1773527362386 0.00488 26
1773527387874 0.00579 27
1773527409572 0.00368 28
1773527428291 0.03208 29
1773527445669 0.00492 30
1773527463181 0.01825 31
1773527480613 0.00519 32
1773527498219 0.04066 33
1773527515720 0.02422 34
1773527533219 0.03134 35
1773527550929 0.01925 36
1773527568609 0.00522 37
1773527585955 0.00508 38
1773527603995 0.05404 39
1773527621996 0.00578 40
1773527639806 0.09476 41
1773527657861 0.08171 42
1773527675431 0.08285 43
1773527693287 0.07181 44
1773527711150 0.07563 45
1773527729063 0.06845 46
1773527746836 0.03384 47
1773527764964 0.11849 48
1773527782865 0.08688 49
1773527800849 0.07936 50
1773527818859 0.10659 51
1773527836850 0.10247 52
1773527854926 0.0835 53
1773527872790 0.10535 54
1773527890619 0.11701 55
1773527908384 0.06191 56
1773527926174 0.13715 57
1773527943814 0.10916 58
1773527961594 0.10769 59
1773527979543 0.13095 60
1773527997496 0.19892 61
1773528015133 0.13406 62
1773528032787 0.14237 63
1773528049825 0.11805 64
1773528066860 0.11252 65
1773528084488 0.15708 66
1773528102480 0.1612 67
1773528120064 0.11704 68
1773528137265 0.13085 69
1773528154717 0.14681 70
1773528172130 0.17479 71
1773528190093 0.1484 72
1773528207935 0.12597 73
1773528225788 0.1591 74
1773528262889 0.11924 75
1773528286091 0.08319 76
1773528305729 0.13873 77
1773528323453 0.15778 78
1773528340987 0.15 79
1773528358664 0.182 80
1773528376428 0.15941 81
1773528394201 0.13913 82
1773528411990 0.15134 83
1773528429557 0.19301 84
1773528447330 0.13484 85
1773528464696 0.12411 86
1773528482368 0.17781 87
1773528500051 0.16127 88
1773528517533 0.15545 89
1773528570589 0.07436 90
1773528587912 0.14089 91
1773528605130 0.07621 92
1773528622499 0.06757 93
1773528639862 0.0773 94
1773528657412 0.11518 95
1773528675255 0.12992 96
1773528692971 0.11565 97
1773528710615 0.11076 98
1773528728476 0.1125 99
1773528732346 0.17349056818597589 99
