1773526853965 0.0 0
1773526871495 0.0 1
1773526889233 0.00585 2
1773526906350 0.0 3
1773526923243 0.0 4
1773526940694 0.03801 5
1773526957974 0.0424 6
1773526975568 0.05117 7
1773526993567 0.02485 8
1773527011385 0.00146 9
1773527083693 0.0307 10
1773527101236 0.09503 11
1773527118538 0.09503 12
1773527136310 0.13012 13
1773527153626 0.11842 14
1773527171020 0.10673 15
1773527188757 0.08187 16
1773527206788 0.13596 17
1773527224316 0.15497 18
1773527241367 0.14766 19
1773527258491 0.15789 20
1773527275643 0.1345 21
1773527292684 0.14474 22
1773527309788 0.13743 23
1773527327188 0.19444 24
1773527344835 0.19006 25
1773527362386 0.18421 26
1773527387874 0.16959 27
1773527409572 0.13889 28
1773527428291 0.0731 29
1773527445669 0.18567 30
1773527463181 0.0614 31
1773527480613 0.19591 32
1773527498219 0.0424 33
1773527515720 0.03655 34
1773527533219 0.03801 35
1773527550929 0.0424 36
1773527568609 0.19591 37
1773527585955 0.19152 38
1773527603995 0.03363 39
1773527621996 0.21784 40
1773527639806 0.02632 41
1773527657861 0.01462 42
1773527675431 0.01754 43
1773527693287 0.03801 44
1773527711150 0.03216 45
1773527729063 0.04678 46
1773527746836 0.03216 47
1773527764964 0.04386 48
1773527782865 0.05263 49
1773527800849 0.0731 50
1773527818859 0.04825 51
1773527836850 0.02485 52
1773527854926 0.04678 53
1773527872790 0.05848 54
1773527890619 0.02778 55
1773527908384 0.0307 56
1773527926174 0.03363 57
1773527943814 0.07164 58
1773527961594 0.05702 59
1773527979543 0.06169 60
1773527997496 0.04532 61
1773528015133 0.05702 62
1773528032787 0.07018 63
1773528049825 0.05702 64
1773528066860 0.06433 65
1773528084488 0.03947 66
1773528102480 0.06871 67
1773528120064 0.05263 68
1773528137265 0.07749 69
1773528154717 0.09736 70
1773528172130 0.09649 71
1773528190093 0.10088 72
1773528207935 0.10578 73
1773528225788 0.10526 74
1773528262889 0.08041 75
1773528286091 0.07018 76
1773528305729 0.10088 77
1773528323453 0.09503 78
1773528340987 0.10965 79
1773528358664 0.12426 80
1773528376428 0.09649 81
1773528394201 0.09357 82
1773528411990 0.10234 83
1773528429557 0.09649 84
1773528447330 0.09503 85
1773528464696 0.09795 86
1773528482368 0.10971 87
1773528500051 0.11696 88
1773528517533 0.12719 89
1773528570589 0.05556 90
1773528587912 0.02632 91
1773528605130 0.03216 92
1773528622499 0.03947 93
1773528639862 0.04094 94
1773528657412 0.05702 95
1773528675255 0.06725 96
1773528692971 0.06579 97
1773528710615 0.06433 98
1773528728476 0.05848 99
1773528732346 0.12280701754385964 99
