1773526851615 4.24642 0
1773526869529 4.34311 1
1773526886974 4.48601 2
1773526904529 4.27984 3
1773526921475 4.30821 4
1773526938542 4.3079 5
1773526955863 4.31018 6
1773526973328 4.34523 7
1773526990863 4.37623 8
1773527009073 4.31901 9
1773527026572 4.30949 10
1773527099015 4.28075 11
1773527116351 4.25239 12
1773527133689 4.28679 13
1773527151562 4.27993 14
1773527168990 4.29694 15
1773527186750 4.30143 16
1773527204784 4.33739 17
1773527222307 4.25552 18
1773527239422 4.25166 19
1773527256490 4.22317 20
1773527273715 4.29994 21
1773527290742 4.27287 22
1773527307864 4.24177 23
1773527325024 4.14833 24
1773527342356 4.0386 25
1773527360025 4.01736 26
1773527377630 4.08437 27
1773527403603 4.04687 28
1773527424963 3.89116 29
1773527443640 3.75007 30
1773527461121 3.75503 31
1773527478657 3.5843 32
1773527496200 3.54524 33
1773527513735 3.54316 34
1773527531286 3.50978 35
1773527548858 3.50547 36
1773527566613 3.4661 37
1773527584006 3.47471 38
1773527601775 3.3757 39
1773527619823 3.45903 40
1773527637743 3.35423 41
1773527655326 3.41024 42
1773527673455 3.37581 43
1773527691123 3.37921 44
1773527709162 3.35213 45
1773527727011 3.34431 46
1773527744726 3.29935 47
1773527762749 3.27195 48
1773527780754 3.33453 49
1773527798733 3.2281 50
1773527816743 3.31368 51
1773527834781 3.20168 52
1773527852706 3.20992 53
1773527870831 3.21934 54
1773527888387 3.20924 55
1773527906328 3.21375 56
1773527924199 3.15284 57
1773527941715 3.14996 58
1773527959538 3.13023 59
1773527977279 3.11183 60
1773527995499 3.10211 61
1773528013139 3.13543 62
1773528030828 3.04169 63
1773528047940 3.05688 64
1773528064977 3.05667 65
1773528082472 3.08094 66
1773528100278 3.0688 67
1773528117902 3.11316 68
1773528135386 3.08712 69
1773528152659 3.06412 70
1773528170187 3.03615 71
1773528187988 3.06619 72
1773528205807 3.03243 73
1773528223747 2.99873 74
1773528241882 3.02146 75
1773528278431 3.02193 76
1773528301586 2.99897 77
1773528321173 2.97701 78
1773528338935 2.98346 79
1773528356549 3.03313 80
1773528374236 3.01423 81
1773528392284 2.98333 82
1773528409737 3.03746 83
1773528427584 3.00019 84
1773528445235 3.00517 85
1773528462687 2.94393 86
1773528480392 2.91201 87
1773528498060 2.96999 88
1773528515614 2.9561 89
1773528568525 3.06712 90
1773528585976 2.88538 91
1773528603225 2.93691 92
1773528620454 2.81949 93
1773528637854 2.834 94
1773528655433 2.78389 95
1773528672990 2.85803 96
1773528690962 2.79987 97
1773528708611 2.86394 98
1773528726501 2.86684 99
