1773526851615 5.84727 0
1773526869529 4.57362 1
1773526886974 4.58043 2
1773526904529 4.46571 3
1773526921475 4.0303 4
1773526938542 3.99255 5
1773526955863 3.87903 6
1773526973328 3.90899 7
1773526990863 3.84479 8
1773527009073 3.77507 9
1773527026572 3.73142 10
1773527099015 3.62978 11
1773527116351 3.61781 12
1773527133689 3.57626 13
1773527151562 3.44445 14
1773527168990 3.50455 15
1773527186750 3.47568 16
1773527204784 3.4098 17
1773527222307 3.46104 18
1773527239422 3.43324 19
1773527256490 3.36839 20
1773527273715 3.2738 21
1773527290742 3.2418 22
1773527307864 3.2313 23
1773527325024 3.13958 24
1773527342356 3.17895 25
1773527360025 3.26387 26
1773527377630 3.174 27
1773527403603 3.2682 28
1773527424963 3.09834 29
1773527443640 3.05651 30
1773527461121 3.11347 31
1773527478657 3.09976 32
1773527496200 3.02522 33
1773527513735 3.0206 34
1773527531286 2.99834 35
1773527548858 2.98395 36
1773527566613 3.03016 37
1773527584006 2.98055 38
1773527601775 2.96955 39
1773527619823 3.1917 40
1773527637743 2.88607 41
1773527655326 2.93667 42
1773527673455 2.80351 43
1773527691123 2.86005 44
1773527709162 2.81923 45
1773527727011 2.79929 46
1773527744726 2.74002 47
1773527762749 2.72652 48
1773527780754 2.72943 49
1773527798733 2.71708 50
1773527816743 2.70017 51
1773527834781 2.66053 52
1773527852706 2.6977 53
1773527870831 2.66653 54
1773527888387 2.67377 55
1773527906328 2.62358 56
1773527924199 2.61939 57
1773527941715 2.60839 58
1773527959538 2.55691 59
1773527977279 2.46361 60
1773527995499 2.59652 61
1773528013139 2.5766 62
1773528030828 2.49658 63
1773528047940 2.50812 64
1773528064977 2.50175 65
1773528082472 2.53302 66
1773528100278 2.45963 67
1773528117902 2.44049 68
1773528135386 2.43124 69
1773528152659 2.33829 70
1773528170187 2.37743 71
1773528187988 2.42775 72
1773528205807 2.46531 73
1773528223747 2.45372 74
1773528241882 2.41542 75
1773528278431 2.38244 76
1773528301586 2.26686 77
1773528321173 2.29264 78
1773528338935 2.27886 79
1773528356549 2.31795 80
1773528374236 2.35534 81
1773528392284 2.34572 82
1773528409737 2.27124 83
1773528427584 2.29943 84
1773528445235 2.28706 85
1773528462687 2.25736 86
1773528480392 2.28164 87
1773528498060 2.28246 88
1773528515614 2.2181 89
1773528568525 2.87071 90
1773528585976 2.51476 91
1773528603225 2.40656 92
1773528620454 2.51635 93
1773528637854 2.31608 94
1773528655433 2.25047 95
1773528672990 2.2782 96
1773528690962 2.24933 97
1773528708611 2.36374 98
1773528726501 2.34636 99
