1773526851615 3.27724 0
1773526869529 2.55163 1
1773526886974 2.457 2
1773526904529 1.96335 3
1773526921475 1.82671 4
1773526938542 1.74172 5
1773526955863 1.71231 6
1773526973328 1.73691 7
1773526990863 1.7585 8
1773527009073 1.72425 9
1773527026572 1.66743 10
1773527099015 1.6446 11
1773527116351 1.68243 12
1773527133689 1.69078 13
1773527151562 1.63908 14
1773527168990 1.62393 15
1773527186750 1.62633 16
1773527204784 1.67617 17
1773527222307 1.6656 18
1773527239422 1.68356 19
1773527256490 1.65548 20
1773527273715 1.60597 21
1773527290742 1.6184 22
1773527307864 1.60335 23
1773527325024 1.58463 24
1773527342356 1.54808 25
1773527360025 1.56144 26
1773527377630 1.53646 27
1773527403603 1.55794 28
1773527424963 1.53516 29
1773527443640 1.51964 30
1773527461121 1.48724 31
1773527478657 1.46427 32
1773527496200 1.45499 33
1773527513735 1.40799 34
1773527531286 1.38813 35
1773527548858 1.3832 36
1773527566613 1.39065 37
1773527584006 1.39163 38
1773527601775 1.379 39
1773527619823 1.3356 40
1773527637743 1.30609 41
1773527655326 1.3409 42
1773527673455 1.30011 43
1773527691123 1.31099 44
1773527709162 1.31539 45
1773527727011 1.30574 46
1773527744726 1.29309 47
1773527762749 1.28962 48
1773527780754 1.26272 49
1773527798733 1.26727 50
1773527816743 1.26708 51
1773527834781 1.29426 52
1773527852706 1.28169 53
1773527870831 1.26095 54
1773527888387 1.25382 55
1773527906328 1.29379 56
1773527924199 1.28074 57
1773527941715 1.2718 58
1773527959538 1.25009 59
1773527977279 1.2539 60
1773527995499 1.27447 61
1773528013139 1.28538 62
1773528030828 1.28607 63
1773528047940 1.25802 64
1773528064977 1.23567 65
1773528082472 1.25105 66
1773528100278 1.23183 67
1773528117902 1.24428 68
1773528135386 1.22019 69
1773528152659 1.23004 70
1773528170187 1.22516 71
1773528187988 1.22682 72
1773528205807 1.24278 73
1773528223747 1.27265 74
1773528241882 1.22623 75
1773528278431 1.23578 76
1773528301586 1.23059 77
1773528321173 1.2193 78
1773528338935 1.23541 79
1773528356549 1.23196 80
1773528374236 1.19889 81
1773528392284 1.21374 82
1773528409737 1.21349 83
1773528427584 1.19654 84
1773528445235 1.21239 85
1773528462687 1.22028 86
1773528480392 1.24417 87
1773528498060 1.21261 88
1773528515614 1.18673 89
1773528568525 1.30641 90
1773528585976 1.31916 91
1773528603225 1.31292 92
1773528620454 1.29993 93
1773528637854 1.28283 94
1773528655433 1.28733 95
1773528672990 1.25967 96
1773528690962 1.28797 97
1773528708611 1.2595 98
1773528726501 1.27516 99
