1770945199418 3.89731 0
1770945209250 4.20285 1
1770945218720 3.8846 2
1770945229136 3.80772 3
1770945244229 3.77476 4
1770945259588 3.75061 5
1770945269514 3.7014 6
1770945279758 3.71242 7
1770945301066 3.71141 8
1770945310826 3.68796 9
1770945320511 3.64513 10
1770945329834 3.605 11
1770945338971 3.59134 12
1770945348333 3.58657 13
1770945357711 3.56311 14
1770945366823 3.47862 15
1770945377303 3.45395 16
1770945386569 3.38871 17
1770945397463 3.31909 18
1770945406543 3.29286 19
1770945415547 3.23456 20
1770945424553 3.26013 21
1770945433624 3.19696 22
1770945445389 3.22381 23
1770945454293 3.13482 24
1770945463272 3.16033 25
1770945477214 3.16465 26
1770945486260 3.15043 27
1770945495121 3.15348 28
1770945504118 3.10404 29
1770945512922 3.11414 30
1770945522182 3.10989 31
1770945531187 3.07368 32
1770945541982 3.07124 33
1770945551108 3.07129 34
1770945560260 3.01438 35
1770945569101 3.04533 36
1770945578168 3.03692 37
1770945587408 3.06336 38
1770945596495 3.02181 39
1770945605631 3.02818 40
1770945618707 3.01622 41
1770945627716 3.02809 42
1770945638417 2.97843 43
1770945647605 3.00028 44
1770945656771 2.98372 45
1770945670797 2.97378 46
1770945680874 2.99112 47
1770945694258 2.95048 48
1770945703556 2.9163 49
1770945712775 2.91719 50
1770945721760 2.92113 51
1770945731075 2.95596 52
1770945740349 2.90633 53
1770945749465 2.88506 54
1770945758777 2.90724 55
1770945768200 2.90516 56
1770945777273 2.84831 57
1770945786735 2.882 58
1770945796309 2.89537 59
1770945808327 2.86049 60
1770945817311 2.82887 61
1770945826939 2.84882 62
1770945835998 2.85046 63
1770945845188 2.83031 64
1770945854167 2.80794 65
1770945863297 2.83613 66
1770945872316 2.80017 67
1770945881364 2.80376 68
1770945902611 2.77971 69
1770945911854 2.83865 70
1770945920736 2.76817 71
1770945929785 2.7708 72
1770945939026 2.7908 73
1770945948242 2.81018 74
1770945957228 2.74015 75
1770945966097 2.73314 76
1770945975331 2.76775 77
1770945984369 2.75661 78
1770945993520 2.73979 79
1770946003396 2.74003 80
1770946012471 2.72083 81
1770946021305 2.71437 82
1770946030496 2.74965 83
1770946039822 2.75566 84
1770946048929 2.69979 85
1770946060328 2.71424 86
1770946069599 2.73061 87
1770946078572 2.7025 88
1770946087585 2.66856 89
1770946156249 2.8166 90
1770946166613 2.74097 91
1770946175086 2.70097 92
1770946183563 2.68115 93
1770946192004 2.66761 94
1770946200217 2.67268 95
1770946208457 2.64367 96
1770946216724 2.66103 97
1770946225154 2.67114 98
1770946233575 2.65039 99
