1770945199418 8.74374 0
1770945209250 3.02951 1
1770945218720 2.78588 2
1770945229136 2.6773 3
1770945244229 2.57959 4
1770945259588 2.47482 5
1770945269514 2.43191 6
1770945279758 2.4496 7
1770945301066 2.36579 8
1770945310826 2.37755 9
1770945320511 2.27065 10
1770945329834 2.25994 11
1770945338971 2.20622 12
1770945348333 2.24709 13
1770945357711 2.12481 14
1770945366823 2.12328 15
1770945377303 2.118 16
1770945386569 2.11872 17
1770945397463 2.10245 18
1770945406543 2.01603 19
1770945415547 2.01589 20
1770945424553 1.97837 21
1770945433624 1.98996 22
1770945445389 1.93344 23
1770945454293 1.95905 24
1770945463272 1.93748 25
1770945477214 1.92388 26
1770945486260 1.90242 27
1770945495121 1.93833 28
1770945504118 1.95407 29
1770945512922 1.93662 30
1770945522182 1.89792 31
1770945531187 1.87885 32
1770945541982 1.84708 33
1770945551108 1.85127 34
1770945560260 1.87986 35
1770945569101 1.87769 36
1770945578168 1.87799 37
1770945587408 1.8276 38
1770945596495 1.8521 39
1770945605631 1.82022 40
1770945618707 1.84446 41
1770945627716 1.8308 42
1770945638417 1.84253 43
1770945647605 1.81182 44
1770945656771 1.80209 45
1770945670797 1.81601 46
1770945680874 1.77864 47
1770945694258 1.77213 48
1770945703556 1.7836 49
1770945712775 1.77518 50
1770945721760 1.76191 51
1770945731075 1.72814 52
1770945740349 1.75148 53
1770945749465 1.75731 54
1770945758777 1.72755 55
1770945768200 1.71143 56
1770945777273 1.75343 57
1770945786735 1.76398 58
1770945796309 1.71779 59
1770945808327 1.7343 60
1770945817311 1.73245 61
1770945826939 1.72351 62
1770945835998 1.69054 63
1770945845188 1.68664 64
1770945854167 1.72473 65
1770945863297 1.69607 66
1770945872316 1.70031 67
1770945881364 1.70058 68
1770945902611 1.66242 69
1770945911854 1.65914 70
1770945920736 1.67064 71
1770945929785 1.65558 72
1770945939026 1.63336 73
1770945948242 1.63802 74
1770945957228 1.69392 75
1770945966097 1.6802 76
1770945975331 1.62492 77
1770945984369 1.64225 78
1770945993520 1.64518 79
1770946003396 1.60772 80
1770946012471 1.63259 81
1770946021305 1.62482 82
1770946030496 1.61734 83
1770946039822 1.59369 84
1770946048929 1.62642 85
1770946060328 1.61329 86
1770946069599 1.58736 87
1770946078572 1.59733 88
1770946087585 1.62111 89
1770946156249 1.78359 90
1770946166613 1.68354 91
1770946175086 1.67539 92
1770946183563 1.64409 93
1770946192004 1.63404 94
1770946200217 1.61966 95
1770946208457 1.61421 96
1770946216724 1.6097 97
1770946225154 1.62387 98
1770946233575 1.61172 99
