1770945199418 3.51922 0
1770945209250 3.54619 1
1770945218720 2.62033 2
1770945229136 2.28109 3
1770945244229 2.15054 4
1770945259588 2.09482 5
1770945269514 2.02475 6
1770945279758 2.02285 7
1770945301066 1.98521 8
1770945310826 2.00399 9
1770945320511 1.97067 10
1770945329834 1.95003 11
1770945338971 1.93726 12
1770945348333 1.90522 13
1770945357711 1.87217 14
1770945366823 1.83673 15
1770945377303 1.80611 16
1770945386569 1.82891 17
1770945397463 1.76859 18
1770945406543 1.77098 19
1770945415547 1.7508 20
1770945424553 1.7241 21
1770945433624 1.72011 22
1770945445389 1.69774 23
1770945454293 1.70596 24
1770945463272 1.68188 25
1770945477214 1.69799 26
1770945486260 1.68385 27
1770945495121 1.69108 28
1770945504118 1.69106 29
1770945512922 1.68722 30
1770945522182 1.65006 31
1770945531187 1.67095 32
1770945541982 1.64421 33
1770945551108 1.63398 34
1770945560260 1.62449 35
1770945569101 1.62552 36
1770945578168 1.61452 37
1770945587408 1.62582 38
1770945596495 1.60306 39
1770945605631 1.5831 40
1770945618707 1.59074 41
1770945627716 1.56762 42
1770945638417 1.58065 43
1770945647605 1.58077 44
1770945656771 1.56281 45
1770945670797 1.54928 46
1770945680874 1.52102 47
1770945694258 1.52594 48
1770945703556 1.55771 49
1770945712775 1.50368 50
1770945721760 1.54099 51
1770945731075 1.50858 52
1770945740349 1.534 53
1770945749465 1.51516 54
1770945758777 1.46244 55
1770945768200 1.46458 56
1770945777273 1.48121 57
1770945786735 1.51691 58
1770945796309 1.49093 59
1770945808327 1.47956 60
1770945817311 1.48465 61
1770945826939 1.532 62
1770945835998 1.48787 63
1770945845188 1.49474 64
1770945854167 1.49478 65
1770945863297 1.46876 66
1770945872316 1.47808 67
1770945881364 1.47769 68
1770945902611 1.437 69
1770945911854 1.44693 70
1770945920736 1.45857 71
1770945929785 1.45994 72
1770945939026 1.44302 73
1770945948242 1.43629 74
1770945957228 1.45929 75
1770945966097 1.45717 76
1770945975331 1.43788 77
1770945984369 1.45264 78
1770945993520 1.41676 79
1770946003396 1.43722 80
1770946012471 1.40319 81
1770946021305 1.43305 82
1770946030496 1.41889 83
1770946039822 1.41103 84
1770946048929 1.42025 85
1770946060328 1.4098 86
1770946069599 1.4005 87
1770946078572 1.42104 88
1770946087585 1.43043 89
1770946156249 1.51479 90
1770946166613 1.49121 91
1770946175086 1.44884 92
1770946183563 1.44509 93
1770946192004 1.46523 94
1770946200217 1.47209 95
1770946208457 1.46096 96
1770946216724 1.46066 97
1770946225154 1.43832 98
1770946233575 1.46075 99
