1773510694173 0.08240909090909092 0
1773510746958 0.0643735 1
1773510810463 0.046301909090909095 2
1773510894357 0.02819431818181818 3
1773510970899 0.010050727272727267 4
1773511039945 0.00955 5
1773511138632 0.00946 6
1773511222889 0.00937 7
1773511349726 0.00928 8
1773511509109 0.00919 9
1773511758284 0.0091 10
1773511871159 0.00901 11
1773511923377 0.00892 12
1773511960884 0.008830000000000001 13
1773511996780 0.00874 14
1773512031926 0.00865 15
1773512068890 0.00856 16
1773512106256 0.00847 17
1773512137839 0.00838 18
1773512175414 0.00829 19
1773512217906 0.0082 20
1773512277913 0.008110000000000001 21
1773512321816 0.008020000000000001 22
1773512371418 0.007930000000000001 23
1773512421761 0.00784 24
1773512480087 0.007750000000000001 25
1773512544438 0.00766 26
1773512606682 0.00757 27
1773512668728 0.0074800000000000005 28
1773512722651 0.00739 29
1773512762851 0.0073 30
1773512802806 0.00721 31
1773512842405 0.00712 32
1773512882113 0.00703 33
1773512922315 0.00694 34
1773512962138 0.006850000000000001 35
1773513002059 0.00676 36
1773513042194 0.006670000000000001 37
1773513083791 0.006580000000000001 38
1773513124838 0.00649 39
1773513166229 0.0064 40
1773513207420 0.006310000000000001 41
1773513248082 0.006220000000000002 42
1773513288875 0.006130000000000001 43
1773513336141 0.006040000000000001 44
1773513378357 0.005950000000000001 45
1773513420984 0.005860000000000001 46
1773513459739 0.005770000000000001 47
1773513500364 0.005680000000000001 48
1773513540434 0.00559 49
1773513580299 0.0055000000000000005 50
1773513620465 0.005410000000000001 51
1773513660442 0.00532 52
1773513700519 0.00523 53
1773513740614 0.0051400000000000005 54
1773513780946 0.00505 55
1773513821291 0.00496 56
1773513861796 0.004870000000000001 57
1773513902361 0.004780000000000001 58
1773513942916 0.004690000000000001 59
1773513984197 0.004600000000000001 60
1773514024612 0.004510000000000001 61
1773514066382 0.00442 62
1773514108292 0.0043300000000000005 63
1773514150741 0.004240000000000001 64
1773514192258 0.00415 65
1773514229164 0.00406 66
1773514270002 0.0039700000000000004 67
1773514310733 0.00388 68
1773514353335 0.0037900000000000013 69
1773514396321 0.003700000000000001 70
1773514439543 0.0036100000000000012 71
1773514482235 0.003520000000000001 72
1773514526408 0.0034300000000000003 73
1773514570361 0.00334 74
1773514615066 0.0032500000000000003 75
1773514658554 0.00316 76
1773514703802 0.00307 77
1773514748567 0.00298 78
1773514793247 0.0028899999999999998 79
1773514838272 0.0028 80
1773514882174 0.0027099999999999997 81
1773514924718 0.002620000000000001 82
1773514968858 0.0025300000000000006 83
1773515009584 0.0024400000000000008 84
1773515029807 0.0023500000000000005 85
1773515055322 0.0022600000000000003 86
1773515098499 0.0021700000000000005 87
1773515135269 0.0020800000000000003 88
1773515192765 0.00199 89
1773515291699 0.0019 90
1773515333572 0.00181 91
1773515379723 0.00172 92
1773515424495 0.0016299999999999997 93
1773515450813 0.0015400000000000006 94
1773515475364 0.0014500000000000006 95
1773515495832 0.0013600000000000003 96
1773515535802 0.0012700000000000003 97
1773515554838 0.0011800000000000003 98
1773515573907 0.0010900000000000003 99
