1773510496650 0.001954545454545455 0
1773510515247 0.003918954545454546 1
1773510534253 0.005847363636363637 2
1773510555038 0.007739772727272728 3
1773510609132 0.009596181818181818 4
1773510627318 0.00955 5
1773510646625 0.00946 6
1773510669519 0.00937 7
1773510701004 0.00928 8
1773510784091 0.00919 9
1773510911321 0.0091 10
1773511023602 0.00901 11
1773511182642 0.00892 12
1773511371149 0.008830000000000001 13
1773511646887 0.00874 14
1773511892629 0.00865 15
1773511928199 0.00856 16
1773511961263 0.00847 17
1773511993478 0.00838 18
1773512025789 0.00829 19
1773512057075 0.0082 20
1773512088453 0.008110000000000001 21
1773512115934 0.008020000000000001 22
1773512161275 0.007930000000000001 23
1773512194997 0.00784 24
1773512229487 0.007750000000000001 25
1773512280684 0.00766 26
1773512320694 0.00757 27
1773512370873 0.0074800000000000005 28
1773512421247 0.00739 29
1773512484684 0.0073 30
1773512551376 0.00721 31
1773512619540 0.00712 32
1773512696636 0.00703 33
1773512736159 0.00694 34
1773512774386 0.006850000000000001 35
1773512812316 0.00676 36
1773512850028 0.006670000000000001 37
1773512889154 0.006580000000000001 38
1773512927300 0.00649 39
1773512964717 0.0064 40
1773513002906 0.006310000000000001 41
1773513042730 0.006220000000000002 42
1773513082765 0.006130000000000001 43
1773513125735 0.006040000000000001 44
1773513166843 0.005950000000000001 45
1773513208086 0.005860000000000001 46
1773513256106 0.005770000000000001 47
1773513303856 0.005680000000000001 48
1773513348007 0.00559 49
1773513391931 0.0055000000000000005 50
1773513434609 0.005410000000000001 51
1773513475195 0.00532 52
1773513515837 0.00523 53
1773513555577 0.0051400000000000005 54
1773513593772 0.00505 55
1773513631518 0.00496 56
1773513669636 0.004870000000000001 57
1773513707638 0.004780000000000001 58
1773513745631 0.004690000000000001 59
1773513784647 0.004600000000000001 60
1773513824121 0.004510000000000001 61
1773513862709 0.00442 62
1773513901988 0.0043300000000000005 63
1773513942403 0.004240000000000001 64
1773513983212 0.00415 65
1773514023261 0.00406 66
1773514065160 0.0039700000000000004 67
1773514107292 0.00388 68
1773514149474 0.0037900000000000013 69
1773514191547 0.003700000000000001 70
1773514243019 0.0036100000000000012 71
1773514284123 0.003520000000000001 72
1773514326917 0.0034300000000000003 73
1773514370629 0.00334 74
1773514412378 0.0032500000000000003 75
1773514454390 0.00316 76
1773514496489 0.00307 77
1773514538752 0.00298 78
1773514582566 0.0028899999999999998 79
1773514625326 0.0028 80
1773514670199 0.0027099999999999997 81
1773514711812 0.002620000000000001 82
1773514753779 0.0025300000000000006 83
1773514794590 0.0024400000000000008 84
1773514837120 0.0023500000000000005 85
1773514878379 0.0022600000000000003 86
1773514920167 0.0021700000000000005 87
1773514961542 0.0020800000000000003 88
1773515002559 0.00199 89
1773515086814 0.0019 90
1773515119421 0.00181 91
1773515181136 0.00172 92
1773515209766 0.0016299999999999997 93
1773515229567 0.0015400000000000006 94
1773515258068 0.0014500000000000006 95
1773515299353 0.0013600000000000003 96
1773515339139 0.0012700000000000003 97
1773515381324 0.0011800000000000003 98
1773515423962 0.0010900000000000003 99
