1773528753096 4.24642 0
1773528753127 4.34311 1
1773528753158 4.48601 2
1773528753191 4.27984 3
1773528753221 4.30821 4
1773528753252 4.3079 5
1773528753282 4.31018 6
1773528753323 4.34523 7
1773528753352 4.37623 8
1773528753383 4.31901 9
1773528753414 4.30949 10
1773528753445 4.28075 11
1773528753478 4.25239 12
1773528753509 4.28679 13
1773528753543 4.27993 14
1773528753580 4.29694 15
1773528753611 4.30143 16
1773528753642 4.33739 17
1773528753672 4.25552 18
1773528753703 4.25166 19
1773528753735 4.22317 20
1773528753768 4.29994 21
1773528753815 4.27287 22
1773528753846 4.24177 23
1773528753880 4.14833 24
1773528753911 4.0386 25
1773528753942 4.01736 26
1773528753980 4.08437 27
1773528754017 4.04687 28
1773528754062 3.89116 29
1773528754102 3.75007 30
1773528754163 3.75503 31
1773528754208 3.5843 32
1773528754255 3.54524 33
1773528754289 3.54316 34
1773528754336 3.50978 35
1773528754370 3.50547 36
1773528754402 3.4661 37
1773528754434 3.47471 38
1773528754468 3.3757 39
1773528754503 3.45903 40
1773528754537 3.35423 41
1773528754586 3.41024 42
1773528754619 3.37581 43
1773528754660 3.37921 44
1773528754725 3.35213 45
1773528754770 3.34431 46
1773528754811 3.29935 47
1773528754860 3.27195 48
1773528754907 3.33453 49
1773528754940 3.2281 50
1773528754973 3.31368 51
1773528755005 3.20168 52
1773528755037 3.20992 53
1773528755070 3.21934 54
1773528755109 3.20924 55
1773528755140 3.21375 56
1773528755171 3.15284 57
1773528755203 3.14996 58
1773528755236 3.13023 59
1773528755270 3.11183 60
1773528755304 3.10211 61
1773528755351 3.13543 62
1773528755384 3.04169 63
1773528755417 3.05688 64
1773528755450 3.05667 65
1773528755487 3.08094 66
1773528755520 3.0688 67
1773528755561 3.11316 68
1773528755613 3.08712 69
1773528755644 3.06412 70
1773528755674 3.03615 71
1773528755703 3.06619 72
1773528755734 3.03243 73
1773528755763 2.99873 74
1773528755793 3.02146 75
1773528755823 3.02193 76
1773528755866 2.99897 77
1773528755896 2.97701 78
1773528755925 2.98346 79
1773528755956 3.03313 80
1773528755986 3.01423 81
1773528756015 2.98333 82
1773528756045 3.03746 83
1773528756074 3.00019 84
1773528756116 3.00517 85
1773528756153 2.94393 86
1773528756183 2.91201 87
1773528756213 2.96999 88
1773528756244 2.9561 89
1773528756274 3.06712 90
1773528756304 2.88538 91
1773528756334 2.93691 92
1773528756378 2.81949 93
1773528756408 2.834 94
1773528756440 2.78389 95
1773528756477 2.85803 96
1773528756515 2.79987 97
1773528756547 2.86394 98
1773528756577 2.86684 99
