1773528753100 5.84727 0
1773528753131 4.57362 1
1773528753162 4.58043 2
1773528753195 4.46571 3
1773528753226 4.0303 4
1773528753256 3.99255 5
1773528753286 3.87903 6
1773528753327 3.90899 7
1773528753357 3.84479 8
1773528753388 3.77507 9
1773528753418 3.73142 10
1773528753450 3.62978 11
1773528753482 3.61781 12
1773528753513 3.57626 13
1773528753550 3.44445 14
1773528753584 3.50455 15
1773528753616 3.47568 16
1773528753646 3.4098 17
1773528753677 3.46104 18
1773528753708 3.43324 19
1773528753740 3.36839 20
1773528753774 3.2738 21
1773528753819 3.2418 22
1773528753851 3.2313 23
1773528753884 3.13958 24
1773528753916 3.17895 25
1773528753947 3.26387 26
1773528753984 3.174 27
1773528754022 3.2682 28
1773528754070 3.09834 29
1773528754110 3.05651 30
1773528754169 3.11347 31
1773528754214 3.09976 32
1773528754260 3.02522 33
1773528754294 3.0206 34
1773528754341 2.99834 35
1773528754375 2.98395 36
1773528754406 3.03016 37
1773528754439 2.98055 38
1773528754473 2.96955 39
1773528754509 3.1917 40
1773528754541 2.88607 41
1773528754591 2.93667 42
1773528754625 2.80351 43
1773528754666 2.86005 44
1773528754731 2.81923 45
1773528754776 2.79929 46
1773528754819 2.74002 47
1773528754867 2.72652 48
1773528754911 2.72943 49
1773528754944 2.71708 50
1773528754978 2.70017 51
1773528755010 2.66053 52
1773528755043 2.6977 53
1773528755074 2.66653 54
1773528755113 2.67377 55
1773528755144 2.62358 56
1773528755176 2.61939 57
1773528755208 2.60839 58
1773528755241 2.55691 59
1773528755276 2.46361 60
1773528755309 2.59652 61
1773528755356 2.5766 62
1773528755388 2.49658 63
1773528755422 2.50812 64
1773528755455 2.50175 65
1773528755491 2.53302 66
1773528755527 2.45963 67
1773528755567 2.44049 68
1773528755617 2.43124 69
1773528755648 2.33829 70
1773528755678 2.37743 71
1773528755708 2.42775 72
1773528755738 2.46531 73
1773528755767 2.45372 74
1773528755797 2.41542 75
1773528755827 2.38244 76
1773528755870 2.26686 77
1773528755900 2.29264 78
1773528755929 2.27886 79
1773528755960 2.31795 80
1773528755990 2.35534 81
1773528756020 2.34572 82
1773528756049 2.27124 83
1773528756079 2.29943 84
1773528756120 2.28706 85
1773528756157 2.25736 86
1773528756187 2.28164 87
1773528756218 2.28246 88
1773528756249 2.2181 89
1773528756279 2.87071 90
1773528756309 2.51476 91
1773528756339 2.40656 92
1773528756382 2.51635 93
1773528756413 2.31608 94
1773528756445 2.25047 95
1773528756481 2.2782 96
1773528756521 2.24933 97
1773528756551 2.36374 98
1773528756581 2.34636 99
