1773528753105 3.27724 0
1773528753135 2.55163 1
1773528753168 2.457 2
1773528753199 1.96335 3
1773528753230 1.82671 4
1773528753261 1.74172 5
1773528753291 1.71231 6
1773528753331 1.73691 7
1773528753361 1.7585 8
1773528753392 1.72425 9
1773528753423 1.66743 10
1773528753454 1.6446 11
1773528753486 1.68243 12
1773528753517 1.69078 13
1773528753558 1.63908 14
1773528753589 1.62393 15
1773528753620 1.62633 16
1773528753650 1.67617 17
1773528753681 1.6656 18
1773528753712 1.68356 19
1773528753745 1.65548 20
1773528753778 1.60597 21
1773528753824 1.6184 22
1773528753856 1.60335 23
1773528753889 1.58463 24
1773528753920 1.54808 25
1773528753952 1.56144 26
1773528753989 1.53646 27
1773528754030 1.55794 28
1773528754075 1.53516 29
1773528754115 1.51964 30
1773528754175 1.48724 31
1773528754222 1.46427 32
1773528754265 1.45499 33
1773528754298 1.40799 34
1773528754346 1.38813 35
1773528754379 1.3832 36
1773528754411 1.39065 37
1773528754444 1.39163 38
1773528754478 1.379 39
1773528754513 1.3356 40
1773528754546 1.30609 41
1773528754595 1.3409 42
1773528754631 1.30011 43
1773528754671 1.31099 44
1773528754737 1.31539 45
1773528754781 1.30574 46
1773528754834 1.29309 47
1773528754880 1.28962 48
1773528754916 1.26272 49
1773528754948 1.26727 50
1773528754982 1.26708 51
1773528755014 1.29426 52
1773528755048 1.28169 53
1773528755085 1.26095 54
1773528755118 1.25382 55
1773528755149 1.29379 56
1773528755181 1.28074 57
1773528755212 1.2718 58
1773528755245 1.25009 59
1773528755282 1.2539 60
1773528755313 1.27447 61
1773528755361 1.28538 62
1773528755394 1.28607 63
1773528755427 1.25802 64
1773528755459 1.23567 65
1773528755495 1.25105 66
1773528755534 1.23183 67
1773528755574 1.24428 68
1773528755621 1.22019 69
1773528755652 1.23004 70
1773528755682 1.22516 71
1773528755712 1.22682 72
1773528755742 1.24278 73
1773528755771 1.27265 74
1773528755801 1.22623 75
1773528755832 1.23578 76
1773528755875 1.23059 77
1773528755904 1.2193 78
1773528755933 1.23541 79
1773528755965 1.23196 80
1773528755994 1.19889 81
1773528756024 1.21374 82
1773528756053 1.21349 83
1773528756086 1.19654 84
1773528756125 1.21239 85
1773528756161 1.22028 86
1773528756192 1.24417 87
1773528756223 1.21261 88
1773528756253 1.18673 89
1773528756283 1.30641 90
1773528756313 1.31916 91
1773528756356 1.31292 92
1773528756386 1.29993 93
1773528756417 1.28283 94
1773528756449 1.28733 95
1773528756486 1.25967 96
1773528756525 1.28797 97
1773528756555 1.2595 98
1773528756585 1.27516 99
