1773528753077 0.0 0
1773528753110 0.0 1
1773528753140 0.00019 2
1773528753173 0.0 3
1773528753203 0.0 4
1773528753234 0.00063 5
1773528753265 0.00063 6
1773528753305 0.00072 7
1773528753335 0.00034 8
1773528753365 2e-05 9
1773528753396 0.00045 10
1773528753427 0.00148 11
1773528753460 0.00151 12
1773528753491 0.00291 13
1773528753522 0.00204 14
1773528753563 0.00164 15
1773528753594 0.00124 16
1773528753624 0.00259 17
1773528753654 0.00275 18
1773528753685 0.00243 19
1773528753717 0.00287 20
1773528753749 0.00231 21
1773528753782 0.003 22
1773528753828 0.00264 23
1773528753860 0.00592 24
1773528753893 0.00552 25
1773528753925 0.00632 26
1773528753957 0.00574 27
1773528753995 0.0039 28
1773528754034 0.01029 29
1773528754080 0.00603 30
1773528754124 0.00698 31
1773528754182 0.00684 32
1773528754230 0.00854 33
1773528754269 0.0097 34
1773528754303 0.00949 35
1773528754350 0.01096 36
1773528754384 0.00609 37
1773528754416 0.00642 38
1773528754449 0.00784 39
1773528754482 0.00751 40
1773528754518 0.00931 41
1773528754552 0.01458 42
1773528754600 0.01014 43
1773528754635 0.01498 44
1773528754679 0.01118 45
1773528754745 0.0106 46
1773528754786 0.00688 47
1773528754840 0.01714 48
1773528754887 0.01815 49
1773528754920 0.02306 50
1773528754953 0.02586 51
1773528754987 0.01666 52
1773528755019 0.01975 53
1773528755052 0.02601 54
1773528755092 0.02315 55
1773528755122 0.00816 56
1773528755153 0.02642 57
1773528755185 0.03576 58
1773528755217 0.02452 59
1773528755250 0.0375 60
1773528755286 0.03438 61
1773528755318 0.029 62
1773528755366 0.03889 63
1773528755400 0.03217 64
1773528755432 0.02908 65
1773528755464 0.03195 66
1773528755500 0.04551 67
1773528755542 0.0391 68
1773528755583 0.03874 69
1773528755626 0.05297 70
1773528755657 0.05068 71
1773528755686 0.04798 72
1773528755717 0.05429 73
1773528755746 0.05859 74
1773528755776 0.03865 75
1773528755805 0.03172 76
1773528755847 0.05076 77
1773528755879 0.05 78
1773528755908 0.05845 79
1773528755938 0.07043 80
1773528755969 0.05559 81
1773528755999 0.04487 82
1773528756028 0.06209 83
1773528756058 0.06215 84
1773528756099 0.04512 85
1773528756135 0.0447 86
1773528756166 0.06997 87
1773528756196 0.06435 88
1773528756227 0.06303 89
1773528756257 0.02367 90
1773528756287 0.02205 91
1773528756317 0.01778 92
1773528756360 0.01851 93
1773528756391 0.02164 94
1773528756423 0.03685 95
1773528756454 0.03592 96
1773528756490 0.03527 97
1773528756530 0.03324 98
1773528756560 0.03183 99
