1773528753082 0.0 0
1773528753114 0.0 1
1773528753145 9e-05 2
1773528753177 0.0 3
1773528753208 0.0 4
1773528753239 0.00015 5
1773528753269 0.00015 6
1773528753310 0.00018 7
1773528753340 8e-05 8
1773528753370 0.0 9
1773528753401 0.0001 10
1773528753431 0.00039 11
1773528753465 0.00039 12
1773528753496 0.0009 13
1773528753526 0.00057 14
1773528753567 0.00042 15
1773528753598 0.00027 16
1773528753629 0.00067 17
1773528753659 0.00071 18
1773528753690 0.00066 19
1773528753721 0.00071 20
1773528753754 0.00058 21
1773528753787 0.00073 22
1773528753833 0.00067 23
1773528753864 0.00146 24
1773528753898 0.00146 25
1773528753929 0.00188 26
1773528753963 0.00161 27
1773528754002 0.0009 28
1773528754040 0.00319 29
1773528754084 0.00175 30
1773528754132 0.00195 31
1773528754191 0.00207 32
1773528754238 0.00228 33
1773528754274 0.00279 34
1773528754322 0.0025 35
1773528754355 0.00283 36
1773528754388 0.00174 37
1773528754420 0.00186 38
1773528754454 0.00246 39
1773528754487 0.00221 40
1773528754523 0.00258 41
1773528754561 0.00453 42
1773528754604 0.00288 43
1773528754642 0.00536 44
1773528754700 0.00342 45
1773528754752 0.00336 46
1773528754792 0.00193 47
1773528754845 0.00576 48
1773528754893 0.00612 49
1773528754926 0.00796 50
1773528754958 0.00922 51
1773528754992 0.00511 52
1773528755023 0.00615 53
1773528755057 0.00816 54
1773528755097 0.00708 55
1773528755126 0.0028 56
1773528755157 0.00765 57
1773528755190 0.01245 58
1773528755223 0.00835 59
1773528755254 0.01318 60
1773528755291 0.0107 61
1773528755322 0.01035 62
1773528755371 0.01276 63
1773528755404 0.01006 64
1773528755436 0.00877 65
1773528755469 0.01125 66
1773528755504 0.01358 67
1773528755547 0.01326 68
1773528755599 0.01215 69
1773528755630 0.01497 70
1773528755661 0.01462 71
1773528755691 0.0167 72
1773528755721 0.01713 73
1773528755751 0.01702 74
1773528755780 0.01223 75
1773528755810 0.00956 76
1773528755853 0.0149 77
1773528755883 0.01582 78
1773528755912 0.01782 79
1773528755942 0.02203 80
1773528755973 0.01705 81
1773528756003 0.01382 82
1773528756032 0.01908 83
1773528756062 0.01907 84
1773528756103 0.014 85
1773528756140 0.01306 86
1773528756170 0.01976 87
1773528756200 0.01847 88
1773528756231 0.01821 89
1773528756262 0.00716 90
1773528756291 0.00802 91
1773528756321 0.00613 92
1773528756364 0.00701 93
1773528756395 0.00834 94
1773528756427 0.01273 95
1773528756461 0.01262 96
1773528756494 0.01231 97
1773528756534 0.01172 98
1773528756564 0.01144 99
