1773528753087 0.0 0
1773528753118 0.0 1
1773528753149 0.00038 2
1773528753181 0.0 3
1773528753213 0.0 4
1773528753243 0.00101 5
1773528753274 0.00112 6
1773528753314 0.00136 7
1773528753344 0.00066 8
1773528753374 4e-05 9
1773528753405 0.00081 10
1773528753436 0.00252 11
1773528753469 0.00252 12
1773528753500 0.00345 13
1773528753531 0.00314 14
1773528753571 0.00283 15
1773528753602 0.00217 16
1773528753633 0.00399 17
1773528753663 0.00411 18
1773528753694 0.00391 19
1773528753726 0.00419 20
1773528753759 0.00357 21
1773528753792 0.00384 22
1773528753837 0.00364 23
1773528753870 0.00516 24
1773528753902 0.00504 25
1773528753933 0.00488 26
1773528753969 0.00579 27
1773528754008 0.00368 28
1773528754048 0.03208 29
1773528754091 0.00492 30
1773528754144 0.01825 31
1773528754197 0.00519 32
1773528754245 0.04066 33
1773528754279 0.02422 34
1773528754326 0.03134 35
1773528754360 0.01925 36
1773528754393 0.00522 37
1773528754425 0.00508 38
1773528754459 0.05404 39
1773528754493 0.00578 40
1773528754528 0.09476 41
1773528754576 0.08171 42
1773528754609 0.08285 43
1773528754649 0.07181 44
1773528754709 0.07563 45
1773528754758 0.06845 46
1773528754799 0.03384 47
1773528754849 0.11849 48
1773528754897 0.08688 49
1773528754930 0.07936 50
1773528754963 0.10659 51
1773528754996 0.10247 52
1773528755028 0.0835 53
1773528755061 0.10535 54
1773528755101 0.11701 55
1773528755131 0.06191 56
1773528755162 0.13715 57
1773528755194 0.10916 58
1773528755227 0.10769 59
1773528755258 0.13095 60
1773528755295 0.19892 61
1773528755327 0.13406 62
1773528755375 0.14237 63
1773528755409 0.11805 64
1773528755441 0.11252 65
1773528755476 0.15708 66
1773528755509 0.1612 67
1773528755551 0.11704 68
1773528755603 0.13085 69
1773528755634 0.14681 70
1773528755665 0.17479 71
1773528755695 0.1484 72
1773528755725 0.12597 73
1773528755755 0.1591 74
1773528755784 0.11924 75
1773528755814 0.08319 76
1773528755858 0.13873 77
1773528755887 0.15778 78
1773528755917 0.15 79
1773528755946 0.182 80
1773528755977 0.15941 81
1773528756007 0.13913 82
1773528756036 0.15134 83
1773528756066 0.19301 84
1773528756108 0.13484 85
1773528756144 0.12411 86
1773528756174 0.17781 87
1773528756205 0.16127 88
1773528756235 0.15545 89
1773528756266 0.07436 90
1773528756296 0.14089 91
1773528756326 0.07621 92
1773528756369 0.06757 93
1773528756399 0.0773 94
1773528756431 0.11518 95
1773528756468 0.12992 96
1773528756500 0.11565 97
1773528756538 0.11076 98
1773528756568 0.1125 99
