1773528753091 0.0 0
1773528753123 0.0 1
1773528753153 0.00585 2
1773528753186 0.0 3
1773528753217 0.0 4
1773528753248 0.03801 5
1773528753278 0.0424 6
1773528753318 0.05117 7
1773528753348 0.02485 8
1773528753378 0.00146 9
1773528753410 0.0307 10
1773528753441 0.09503 11
1773528753474 0.09503 12
1773528753504 0.13012 13
1773528753535 0.11842 14
1773528753576 0.10673 15
1773528753607 0.08187 16
1773528753637 0.13596 17
1773528753668 0.15497 18
1773528753699 0.14766 19
1773528753730 0.15789 20
1773528753764 0.1345 21
1773528753810 0.14474 22
1773528753842 0.13743 23
1773528753876 0.19444 24
1773528753907 0.19006 25
1773528753937 0.18421 26
1773528753975 0.16959 27
1773528754012 0.13889 28
1773528754053 0.0731 29
1773528754097 0.18567 30
1773528754153 0.0614 31
1773528754202 0.19591 32
1773528754250 0.0424 33
1773528754284 0.03655 34
1773528754331 0.03801 35
1773528754365 0.0424 36
1773528754397 0.19591 37
1773528754430 0.19152 38
1773528754464 0.03363 39
1773528754498 0.21784 40
1773528754532 0.02632 41
1773528754581 0.01462 42
1773528754613 0.01754 43
1773528754653 0.03801 44
1773528754717 0.03216 45
1773528754764 0.04678 46
1773528754806 0.03216 47
1773528754854 0.04386 48
1773528754902 0.05263 49
1773528754935 0.0731 50
1773528754968 0.04825 51
1773528755001 0.02485 52
1773528755032 0.04678 53
1773528755066 0.05848 54
1773528755105 0.02778 55
1773528755135 0.0307 56
1773528755167 0.03363 57
1773528755199 0.07164 58
1773528755232 0.05702 59
1773528755263 0.06169 60
1773528755300 0.04532 61
1773528755345 0.05702 62
1773528755380 0.07018 63
1773528755413 0.05702 64
1773528755445 0.06433 65
1773528755482 0.03947 66
1773528755514 0.06871 67
1773528755556 0.05263 68
1773528755608 0.07749 69
1773528755639 0.09736 70
1773528755669 0.09649 71
1773528755699 0.10088 72
1773528755729 0.10578 73
1773528755759 0.10526 74
1773528755788 0.08041 75
1773528755818 0.07018 76
1773528755862 0.10088 77
1773528755891 0.09503 78
1773528755921 0.10965 79
1773528755950 0.12426 80
1773528755982 0.09649 81
1773528756011 0.09357 82
1773528756041 0.10234 83
1773528756070 0.09649 84
1773528756112 0.09503 85
1773528756148 0.09795 86
1773528756179 0.10971 87
1773528756209 0.11696 88
1773528756240 0.12719 89
1773528756270 0.05556 90
1773528756300 0.02632 91
1773528756330 0.03216 92
1773528756374 0.03947 93
1773528756404 0.04094 94
1773528756436 0.05702 95
1773528756473 0.06725 96
1773528756508 0.06579 97
1773528756543 0.06433 98
1773528756573 0.05848 99
