1770985808336 0.0032882882882882885 0
1770985979298 0.006556067567567568 1
1770986087719 0.009757846846846847 2
1770986184994 0.009703 3
1770986317449 0.009604 4
1770986412318 0.009505 5
1770986505333 0.009406 6
1770986599351 0.009307 7
1770986692440 0.009208000000000001 8
1770986828316 0.009109 9
1770986922292 0.00901 10
1770987067120 0.008911 11
1770987160092 0.008812 12
1770987253844 0.008713 13
1770987347054 0.008614 14
1770987440497 0.008515 15
1770987533712 0.008416 16
1770987626821 0.008317 17
1770987720088 0.008218000000000001 18
1770987813046 0.008119000000000001 19
1770987918625 0.008020000000000001 20
1770988011831 0.007921000000000001 21
1770988105878 0.007822 22
1770988200051 0.007723 23
1770988293997 0.007624 24
1770988388114 0.007525 25
1770988482202 0.007426 26
1770988601328 0.007327 27
1770988704890 0.007228 28
1770988842972 0.007129 29
1770988936416 0.00703 30
1770989029502 0.006931 31
1770989122737 0.0068319999999999995 32
1770989216183 0.006732999999999999 33
1770989309317 0.006633999999999999 34
1770989428187 0.006535 35
1770989547121 0.006436000000000001 36
1770989640231 0.006337000000000001 37
1770989733367 0.0062380000000000005 38
1770989826504 0.006139 39
1770989919630 0.00604 40
1770990012674 0.005941000000000001 41
1770990106077 0.005842000000000001 42
1770990213138 0.005743000000000001 43
1770990319338 0.005644000000000001 44
1770990412284 0.0055450000000000004 45
1770990505584 0.005446000000000001 46
1770990598870 0.005347000000000001 47
1770990691895 0.005248000000000001 48
1770990784961 0.005149 49
1770990878079 0.00505 50
1770990971065 0.004951 51
1770991102552 0.0048519999999999995 52
1770991195985 0.004753 53
1770991289132 0.004654 54
1770991383277 0.004555 55
1770991476272 0.004456 56
1770991569899 0.004357000000000001 57
1770991663159 0.0042580000000000005 58
1770991782173 0.004159 59
1770991901131 0.00406 60
1770992052212 0.003961 61
1770992145079 0.003862 62
1770992241788 0.0037630000000000003 63
1770992334970 0.003664 64
1770992428279 0.003565 65
1770992521449 0.003466 66
1770992614313 0.0033669999999999993 67
1770992707673 0.003268 68
1770992800729 0.003169000000000001 69
1770992893987 0.0030700000000000007 70
1770992987101 0.0029710000000000006 71
1770993080366 0.002872 72
1770993173837 0.0027730000000000007 73
1770993267016 0.002674 74
1770993360921 0.002575 75
1770993454151 0.002476 76
1770993547074 0.002377 77
1770993640317 0.0022779999999999996 78
1770993733562 0.002179 79
1770993827025 0.00208 80
1770993920348 0.0019809999999999993 81
1770994013598 0.0018820000000000006 82
1770994132736 0.0017830000000000005 83
1770994252039 0.0016840000000000006 84
1770994350572 0.0015850000000000003 85
1770994443873 0.0014860000000000001 86
1770994537423 0.0013870000000000002 87
1770994630638 0.001288 88
1770994723796 0.0011889999999999997 89
1770994865038 0.0010899999999999998 90
1770994957615 0.0009909999999999997 91
1770995050530 0.0008919999999999996 92
1770995143475 0.0007929999999999994 93
1770995236289 0.0006940000000000005 94
1770995329213 0.0005950000000000005 95
1770995422027 0.0004960000000000005 96
1770995514821 0.00039700000000000027 97
1770995607700 0.0002980000000000002 98
1770995700404 0.0001990000000000001 99
