1773526851615 0.0019473684210526317 0
1773526869529 0.003911842105263158 1
1773526886974 0.005840315789473684 2
1773526904529 0.007732789473684211 3
1773526921475 0.009589263157894736 4
1773526938542 0.00955 5
1773526955863 0.00946 6
1773526973328 0.00937 7
1773526990863 0.00928 8
1773527009073 0.00919 9
1773527026572 0.0091 10
1773527099015 0.00901 11
1773527116351 0.00892 12
1773527133689 0.008830000000000001 13
1773527151562 0.00874 14
1773527168990 0.00865 15
1773527186750 0.00856 16
1773527204784 0.00847 17
1773527222307 0.00838 18
1773527239422 0.00829 19
1773527256490 0.0082 20
1773527273715 0.008110000000000001 21
1773527290742 0.008020000000000001 22
1773527307864 0.007930000000000001 23
1773527325024 0.00784 24
1773527342356 0.007750000000000001 25
1773527360025 0.00766 26
1773527377630 0.00757 27
1773527403603 0.0074800000000000005 28
1773527424963 0.00739 29
1773527443640 0.0073 30
1773527461121 0.00721 31
1773527478657 0.00712 32
1773527496200 0.00703 33
1773527513735 0.00694 34
1773527531286 0.006850000000000001 35
1773527548858 0.00676 36
1773527566613 0.006670000000000001 37
1773527584006 0.006580000000000001 38
1773527601775 0.00649 39
1773527619823 0.0064 40
1773527637743 0.006310000000000001 41
1773527655326 0.006220000000000002 42
1773527673455 0.006130000000000001 43
1773527691123 0.006040000000000001 44
1773527709162 0.005950000000000001 45
1773527727011 0.005860000000000001 46
1773527744726 0.005770000000000001 47
1773527762749 0.005680000000000001 48
1773527780754 0.00559 49
1773527798733 0.0055000000000000005 50
1773527816743 0.005410000000000001 51
1773527834781 0.00532 52
1773527852706 0.00523 53
1773527870831 0.0051400000000000005 54
1773527888387 0.00505 55
1773527906328 0.00496 56
1773527924199 0.004870000000000001 57
1773527941715 0.004780000000000001 58
1773527959538 0.004690000000000001 59
1773527977279 0.004600000000000001 60
1773527995499 0.004510000000000001 61
1773528013139 0.00442 62
1773528030828 0.0043300000000000005 63
1773528047940 0.004240000000000001 64
1773528064977 0.00415 65
1773528082472 0.00406 66
1773528100278 0.0039700000000000004 67
1773528117902 0.00388 68
1773528135386 0.0037900000000000013 69
1773528152659 0.003700000000000001 70
1773528170187 0.0036100000000000012 71
1773528187988 0.003520000000000001 72
1773528205807 0.0034300000000000003 73
1773528223747 0.00334 74
1773528241882 0.0032500000000000003 75
1773528278431 0.00316 76
1773528301586 0.00307 77
1773528321173 0.00298 78
1773528338935 0.0028899999999999998 79
1773528356549 0.0028 80
1773528374236 0.0027099999999999997 81
1773528392284 0.002620000000000001 82
1773528409737 0.0025300000000000006 83
1773528427584 0.0024400000000000008 84
1773528445235 0.0023500000000000005 85
1773528462687 0.0022600000000000003 86
1773528480392 0.0021700000000000005 87
1773528498060 0.0020800000000000003 88
1773528515614 0.00199 89
1773528568525 0.0019 90
1773528585976 0.00181 91
1773528603225 0.00172 92
1773528620454 0.0016299999999999997 93
1773528637854 0.0015400000000000006 94
1773528655433 0.0014500000000000006 95
1773528672990 0.0013600000000000003 96
1773528690962 0.0012700000000000003 97
1773528708611 0.0011800000000000003 98
1773528726501 0.0010900000000000003 99
