0 0.25125 0.7171717171717171 0.25375 0.7212121212121212 0.25375 0.7272727272727273 0.25875 0.7434343434343434 0.2575 0.7474747474747475 0.25875 0.7737373737373737 0.25375 0.7818181818181819 0.23875 0.7818181818181819 0.2375 0.7777777777777778 0.2425 0.7696969696969697 0.2425 0.7575757575757576 0.24 0.7535353535353535 0.2375 0.7575757575757576 0.2375 0.7656565656565657 0.23 0.7535353535353535 0.23 0.7393939393939394 0.23375 0.7333333333333333 0.23625 0.7333333333333333 0.24125 0.7212121212121212 0.25 0.7171717171717171
0 0.185 0.31313131313131315 0.1875 0.31313131313131315 0.1925 0.32323232323232326 0.2 0.3212121212121212 0.2025 0.32525252525252524 0.2025 0.3434343434343434 0.195 0.34545454545454546 0.1925 0.34949494949494947 0.19 0.3414141414141414 0.19 0.3333333333333333 0.1825 0.32727272727272727 0.1825 0.3212121212121212 0.185 0.3151515151515151
0 0.39625 0.5494949494949495 0.3975 0.5676767676767677 0.40375 0.5737373737373738 0.40375 0.5818181818181818 0.4075 0.5898989898989899 0.41 0.6060606060606061 0.40875 0.6181818181818182 0.41125 0.6222222222222222 0.41 0.6363636363636364 0.40375 0.6464646464646465 0.405 0.6585858585858586 0.40125 0.6626262626262627 0.39625 0.6626262626262627 0.39375 0.6666666666666666 0.38625 0.6545454545454545 0.38625 0.6505050505050505 0.38875 0.6464646464646465 0.38875 0.6363636363636364 0.3925 0.6242424242424243 0.3925 0.6080808080808081 0.39 0.6060606060606061 0.38875 0.597979797979798 0.395 0.5858585858585859 0.395 0.5797979797979798 0.38875 0.5737373737373738 0.38875 0.5595959595959596 0.395 0.5494949494949495
0 0.51125 0.8626262626262626 0.51125 0.8707070707070707 0.5175 0.8828282828282829 0.52625 0.8828282828282829 0.52875 0.8686868686868687 0.53625 0.8727272727272727 0.54375 0.8828282828282829 0.54625 0.8888888888888888 0.54625 0.896969696969697 0.5425 0.8949494949494949 0.54125 0.8909090909090909 0.53375 0.8929292929292929 0.53 0.9030303030303031 0.53125 0.9171717171717172 0.52625 0.9191919191919192 0.5225 0.9111111111111111 0.52125 0.8949494949494949 0.51375 0.896969696969697 0.5075 0.8949494949494949 0.51125 0.8787878787878788 0.51 0.8646464646464647
0 0.52875 0.8686868686868687 0.54 0.8767676767676768 0.55125 0.901010101010101 0.55125 0.9090909090909091 0.5525 0.9111111111111111 0.5575 0.9090909090909091 0.55875 0.9131313131313131 0.55 0.9151515151515152 0.5475 0.9191919191919192 0.54625 0.9313131313131313 0.535 0.9191919191919192 0.53 0.9212121212121213 0.52625 0.9191919191919192 0.52375 0.9131313131313131 0.5225 0.896969696969697 0.52 0.8929292929292929 0.51125 0.8949494949494949 0.51125 0.8868686868686869 0.52625 0.8828282828282829 0.5275 0.8707070707070707
0 0.265 0.509090909090909 0.265 0.5252525252525253 0.2675 0.5313131313131313 0.26875 0.5555555555555556 0.2675 0.5656565656565656 0.26875 0.597979797979798 0.2575 0.5797979797979798 0.25625 0.5656565656565656 0.2575 0.5535353535353535 0.25375 0.5414141414141415 0.25375 0.5272727272727272 0.2575 0.5212121212121212 0.2575 0.5171717171717172 0.26125 0.5111111111111111 0.26375 0.5111111111111111
0 0.265 0.4686868686868687 0.2675 0.47474747474747475 0.26125 0.49292929292929294 0.25875 0.4909090909090909 0.25375 0.49292929292929294 0.25625 0.4909090909090909 0.25125 0.48282828282828283 0.2475 0.48282828282828283 0.2425 0.4666666666666667 0.25125 0.44646464646464645 0.2575 0.44646464646464645 0.26125 0.45252525252525255 0.26 0.4626262626262626 0.26375 0.4686868686868687
0 0.23 0.6666666666666666 0.23375 0.6747474747474748 0.23375 0.6848484848484848 0.2375 0.692929292929293 0.2375 0.705050505050505 0.235 0.7090909090909091 0.235 0.7272727272727273 0.22375 0.7434343434343434 0.2175 0.7434343434343434 0.22125 0.7353535353535353 0.22125 0.7131313131313132 0.21875 0.6989898989898989 0.22125 0.692929292929293 0.22375 0.6686868686868687 0.22625 0.6646464646464646 0.22875 0.6666666666666666
0 0.49 0.29494949494949496 0.49 0.2828282828282828 0.48625 0.2686868686868687 0.49 0.25252525252525254 0.495 0.2606060606060606 0.49375 0.29494949494949496 0.49125 0.29494949494949496
0 0.45625 0.8444444444444444 0.4625 0.8505050505050505 0.46 0.8585858585858586 0.46375 0.8646464646464647 0.465 0.8868686868686869 0.4725 0.9111111111111111 0.4725 0.9252525252525252 0.4675 0.9393939393939394 0.46375 0.9434343434343434 0.46375 0.9474747474747475 0.46125 0.9515151515151515 0.44875 0.9494949494949495 0.4475 0.9111111111111111 0.445 0.8949494949494949 0.44125 0.8868686868686869 0.4425 0.8707070707070707 0.455 0.8464646464646465
0 0.54 0.6868686868686869 0.54625 0.6888888888888889 0.55 0.6989898989898989 0.5475 0.7454545454545455 0.54125 0.7474747474747475 0.53625 0.7434343434343434 0.5325 0.7272727272727273 0.53125 0.7191919191919192 0.5325 0.7090909090909091 0.53875 0.6888888888888889
0 0.7625 0.9353535353535354 0.76625 0.9414141414141414 0.76875 0.9515151515151515 0.7525 0.9515151515151515 0.75375 0.9393939393939394 0.7575 0.9353535353535354 0.76125 0.9353535353535354
0 0.26 0.4484848484848485 0.26125 0.4505050505050505 0.26 0.4626262626262626 0.26625 0.4707070707070707 0.265 0.48484848484848486 0.26125 0.4868686868686869 0.2575 0.4868686868686869 0.2525 0.4808080808080808 0.2475 0.4808080808080808 0.24375 0.4707070707070707 0.245 0.46060606060606063 0.2525 0.4444444444444444 0.25875 0.4484848484848485
0 0.48375 0.6080808080808081 0.4875 0.6121212121212121 0.4875 0.6181818181818182 0.4925 0.6343434343434343 0.48625 0.6404040404040404 0.47625 0.6323232323232323 0.47625 0.6262626262626263 0.4825 0.6101010101010101
0 0.1325 0.5595959595959596 0.13625 0.5616161616161616 0.1375 0.5696969696969697 0.145 0.5797979797979798 0.15 0.593939393939394 0.1475 0.604040404040404 0.14875 0.6363636363636364 0.1425 0.6363636363636364 0.14125 0.6222222222222222 0.135 0.593939393939394 0.135 0.5838383838383838 0.1325 0.5797979797979798 0.1325 0.5616161616161616
0 0.46625 0.5959595959595959 0.4725 0.604040404040404 0.47625 0.6181818181818182 0.4775 0.6323232323232323 0.4725 0.6383838383838384 0.47 0.6525252525252525 0.47 0.6444444444444445 0.46625 0.6383838383838384 0.465 0.6101010101010101 0.4625 0.602020202020202 0.465 0.597979797979798
0 0.4575 0.3292929292929293 0.46 0.3333333333333333 0.46125 0.3717171717171717 0.45625 0.3797979797979798 0.455 0.3797979797979798 0.455 0.3595959595959596 0.4525 0.34949494949494947 0.4525 0.3333333333333333 0.45625 0.3292929292929293
0 0.2025 0.5434343434343434 0.205 0.5494949494949495 0.21625 0.5515151515151515 0.2175 0.5616161616161616 0.22125 0.5696969696969697 0.22 0.5818181818181818 0.225 0.602020202020202 0.22375 0.6242424242424243 0.21625 0.6181818181818182 0.21125 0.6262626262626263 0.2125 0.6323232323232323 0.205 0.6202020202020202 0.19875 0.6181818181818182 0.19875 0.602020202020202 0.195 0.5898989898989899 0.195 0.5797979797979798 0.20375 0.5696969696969697 0.19875 0.5535353535353535 0.20125 0.5454545454545454
0 0.425 0.3898989898989899 0.42375 0.3717171717171717 0.42 0.3616161616161616 0.4225 0.3474747474747475 0.42625 0.3434343434343434 0.43125 0.3575757575757576 0.43 0.38181818181818183 0.42625 0.3878787878787879
0 0.11125 0.4 0.12 0.4161616161616162 0.12 0.4383838383838384 0.11625 0.44242424242424244 0.11375 0.4383838383838384 0.1125 0.4222222222222222 0.10875 0.4101010101010101 0.10875 0.402020202020202 0.11 0.402020202020202
0 0.34125 0.5434343434343434 0.34875 0.5616161616161616 0.35 0.5595959595959596 0.35625 0.5616161616161616 0.3575 0.5535353535353535 0.36125 0.5555555555555556 0.36625 0.5636363636363636 0.36625 0.5717171717171717 0.37125 0.5777777777777777 0.37125 0.5838383838383838 0.37625 0.6 0.37375 0.6080808080808081 0.37 0.6121212121212121 0.36875 0.6363636363636364 0.35875 0.6343434343434343 0.355 0.6282828282828283 0.35375 0.6181818181818182 0.35125 0.6141414141414141 0.34875 0.6141414141414141 0.34625 0.6222222222222222 0.34125 0.6262626262626263 0.335 0.6222222222222222 0.3325 0.6161616161616161 0.33125 0.604040404040404 0.3325 0.5898989898989899 0.32875 0.5858585858585859 0.33 0.5797979797979798 0.3275 0.5757575757575758 0.3275 0.5656565656565656 0.32875 0.5555555555555556 0.33375 0.5474747474747474 0.34 0.5434343434343434
0 0.3225 0.38585858585858585 0.32625 0.38181818181818183 0.3275 0.37575757575757573 0.33125 0.37575757575757573 0.33125 0.3838383838383838 0.335 0.39191919191919194 0.33375 0.402020202020202 0.3275 0.40404040404040403 0.32375 0.4 0.3225 0.3878787878787879
0 0.55625 0.7191919191919192 0.55875 0.7353535353535353 0.56375 0.7434343434343434 0.5675 0.7434343434343434 0.56625 0.7717171717171717 0.55875 0.7838383838383839 0.55875 0.797979797979798 0.55125 0.7919191919191919 0.54625 0.7737373737373737 0.5475 0.7454545454545455 0.54375 0.7333333333333333 0.54625 0.7313131313131314 0.55375 0.7414141414141414 0.55625 0.7373737373737373 0.55625 0.7212121212121212
0 0.335 0.4121212121212121 0.33625 0.4161616161616162 0.335 0.4222222222222222 0.3375 0.4262626262626263 0.3375 0.43636363636363634 0.34 0.44242424242424244 0.33625 0.4484848484848485 0.33625 0.46060606060606063 0.3275 0.4808080808080808 0.32125 0.48282828282828283 0.3175 0.4808080808080808 0.3175 0.4707070707070707 0.32 0.4767676767676768 0.3225 0.4727272727272727 0.3225 0.4686868686868687 0.3175 0.4585858585858586 0.32375 0.44646464646464645 0.33 0.44646464646464645 0.33375 0.4404040404040404 0.335 0.41414141414141414
0 0.44875 0.22424242424242424 0.45125 0.23434343434343435 0.45 0.2505050505050505 0.45125 0.2545454545454545 0.44875 0.2585858585858586 0.445 0.25656565656565655 0.4425 0.24646464646464647 0.4425 0.23232323232323232 0.4475 0.22424242424242424
0 0.50125 0.6363636363636364 0.505 0.6626262626262627 0.50125 0.7131313131313132 0.4975 0.7131313131313132 0.49625 0.703030303030303 0.4975 0.6868686868686869 0.49 0.6727272727272727 0.49125 0.6525252525252525 0.49375 0.6444444444444445 0.5 0.6363636363636364
0 0.33375 0.5494949494949495 0.3375 0.5515151515151515 0.34 0.5595959595959596 0.33875 0.5636363636363636 0.34 0.5696969696969697 0.34375 0.5737373737373738 0.3425 0.5838383838383838 0.34625 0.5878787878787879 0.3475 0.5959595959595959 0.35 0.597979797979798 0.35 0.6121212121212121 0.345 0.6262626262626263 0.33875 0.6262626262626263 0.33375 0.6222222222222222 0.33 0.6141414141414141 0.3275 0.6161616161616161 0.32875 0.604040404040404 0.3225 0.6 0.32 0.591919191919192 0.32125 0.5898989898989899 0.32375 0.5959595959595959 0.325 0.593939393939394 0.32625 0.5898989898989899 0.3225 0.5838383838383838 0.32375 0.5717171717171717 0.32625 0.5737373737373738 0.3275 0.5818181818181818 0.3325 0.5737373737373738 0.33 0.5696969696969697 0.33125 0.5676767676767677 0.33 0.5575757575757576 0.3325 0.5575757575757576 0.335 0.5515151515151515
0 0.8325 0.9151515151515152 0.83625 0.9212121212121213 0.835 0.9515151515151515 0.8175 0.9515151515151515 0.8175 0.9434343434343434 0.82375 0.9292929292929293 0.825 0.9191919191919192 0.8275 0.9151515151515152 0.83125 0.9151515151515152
0 0.2925 0.301010101010101 0.29 0.29494949494949496 0.29 0.27474747474747474 0.2925 0.27070707070707073 0.29625 0.27070707070707073 0.29875 0.2808080808080808 0.2975 0.296969696969697 0.29625 0.301010101010101 0.29375 0.301010101010101
0 0.64 0.9131313131313131 0.645 0.9171717171717172 0.6475 0.9272727272727272 0.6475 0.9515151515151515 0.62875 0.9515151515151515 0.6325 0.9232323232323232 0.63875 0.9131313131313131
0 0.40875 0.8545454545454545 0.4075 0.8202020202020202 0.41 0.8141414141414142 0.4225 0.8363636363636363 0.425 0.8363636363636363 0.42625 0.8424242424242424 0.425 0.8646464646464647 0.42125 0.8666666666666667 0.41875 0.8606060606060606 0.41 0.8545454545454545
0 0.36625 0.6363636363636364 0.36875 0.6383838383838384 0.375 0.6565656565656566 0.375 0.6666666666666666 0.37 0.6727272727272727 0.36 0.6686868686868687 0.35625 0.6545454545454545 0.3575 0.6404040404040404 0.36125 0.6363636363636364 0.365 0.6363636363636364
0 0.345 0.2909090909090909 0.35125 0.30505050505050507 0.355 0.3111111111111111 0.3575 0.3111111111111111 0.35125 0.3212121212121212 0.35 0.32727272727272727 0.3525 0.3515151515151515 0.3425 0.35353535353535354 0.34 0.34949494949494947 0.33875 0.3212121212121212 0.335 0.3191919191919192 0.34 0.298989898989899 0.34375 0.29292929292929293
0 0.41 0.8161616161616162 0.42 0.8343434343434344 0.425 0.8363636363636363 0.4275 0.8565656565656565 0.425 0.8686868686868687 0.41625 0.8545454545454545 0.4125 0.8545454545454545 0.41 0.8505050505050505 0.40875 0.8323232323232324 0.41 0.8181818181818182
0 0.4625 0.8464646464646465 0.47 0.8585858585858586 0.475 0.8585858585858586 0.48 0.8505050505050505 0.4825 0.8505050505050505 0.4875 0.8626262626262626 0.48625 0.8767676767676768 0.4825 0.8787878787878788 0.4825 0.8868686868686869 0.48625 0.8888888888888888 0.48875 0.901010101010101 0.4775 0.9191919191919192 0.47875 0.9313131313131313 0.47375 0.9515151515151515 0.4625 0.9494949494949495 0.4625 0.9414141414141414 0.46875 0.9313131313131313 0.46625 0.9272727272727272 0.4725 0.9212121212121213 0.46875 0.9131313131313131 0.47 0.9050505050505051 0.4675 0.8949494949494949 0.4625 0.8828282828282829 0.46375 0.8646464646464647 0.46 0.8606060606060606 0.45625 0.8505050505050505 0.46125 0.8464646464646465
0 0.13 0.5838383838383838 0.13375 0.5838383838383838 0.135 0.5878787878787879 0.135 0.597979797979798 0.14 0.6202020202020202 0.13875 0.6585858585858586 0.14125 0.6666666666666666 0.14 0.6747474747474748 0.13625 0.6707070707070707 0.135 0.6545454545454545 0.12625 0.6181818181818182 0.12625 0.602020202020202 0.13 0.5858585858585859
0 0.3275 0.4444444444444444 0.3325 0.4484848484848485 0.32875 0.45252525252525255 0.32875 0.46464646464646464 0.32625 0.4666666666666667 0.32625 0.4767676767676768 0.32125 0.49696969696969695 0.3225 0.501010101010101 0.32125 0.5050505050505051 0.3175 0.501010101010101 0.3175 0.4888888888888889 0.31375 0.47474747474747475 0.31375 0.46464646464646464 0.3175 0.45656565656565656 0.32625 0.44646464646464645
0 0.16 0.6747474747474748 0.1575 0.6303030303030303 0.16125 0.6141414141414141 0.1675 0.6141414141414141 0.1725 0.6181818181818182 0.175 0.6262626262626263 0.17625 0.6424242424242425 0.175 0.6727272727272727 0.1725 0.6888888888888889 0.17125 0.6909090909090909 0.16875 0.6888888888888889 0.16125 0.6747474747474748
0 0.2825 0.3434343434343434 0.2775 0.33535353535353535 0.2775 0.3292929292929293 0.275 0.32323232323232326 0.275 0.3111111111111111 0.28 0.30505050505050507 0.28 0.2909090909090909 0.28375 0.2828282828282828 0.28625 0.2787878787878788 0.29 0.2787878787878788 0.29375 0.2868686868686869 0.29375 0.298989898989899 0.29875 0.3090909090909091 0.29625 0.31717171717171716 0.29875 0.3212121212121212 0.3 0.3434343434343434 0.29875 0.3515151515151515 0.3 0.35555555555555557 0.29625 0.3616161616161616 0.29375 0.3616161616161616 0.2925 0.35353535353535354 0.295 0.34545454545454546 0.2925 0.3414141414141414 0.28375 0.3414141414141414
0 0.37625 0.6686868686868687 0.375 0.6565656565656566 0.37 0.6404040404040404 0.37 0.6161616161616161 0.375 0.604040404040404 0.3775 0.6 0.38125 0.6 0.3825 0.6060606060606061 0.38125 0.6141414141414141 0.38375 0.6282828282828283 0.38375 0.6525252525252525 0.3825 0.6565656565656566 0.37875 0.6585858585858586 0.3775 0.6666666666666666
0 0.1675 0.4767676767676768 0.17 0.48484848484848486 0.1675 0.4909090909090909 0.1675 0.498989898989899 0.17125 0.5232323232323233 0.175 0.5272727272727272 0.175 0.5313131313131313 0.17125 0.5373737373737374 0.1675 0.5353535353535354 0.165 0.5292929292929293 0.16 0.5313131313131313 0.16 0.5252525252525253 0.15625 0.5171717171717172 0.1575 0.49292929292929294 0.16125 0.4868686868686869 0.16375 0.4868686868686869 0.1675 0.47878787878787876
0 0.2925 0.5555555555555556 0.29625 0.5595959595959596 0.29625 0.5676767676767677 0.3 0.5777777777777777 0.3 0.5838383838383838 0.295 0.5898989898989899 0.29375 0.597979797979798 0.29625 0.602020202020202 0.2975 0.6262626262626263 0.29625 0.6363636363636364 0.2925 0.6363636363636364 0.29 0.6323232323232323 0.28875 0.6080808080808081 0.285 0.6 0.28375 0.5838383838383838 0.28375 0.5636363636363636 0.29125 0.5555555555555556
0 0.4875 0.6868686868686869 0.49375 0.6989898989898989 0.49125 0.7353535353535353 0.4875 0.7373737373737373 0.485 0.7313131313131314 0.48375 0.694949494949495 0.48625 0.6888888888888889
0 0.15 0.42424242424242425 0.15375 0.4161616161616162 0.1575 0.41414141414141414 0.16125 0.4161616161616162 0.16125 0.41818181818181815 0.1575 0.41414141414141414 0.15625 0.4161616161616162 0.155 0.42828282828282827 0.16375 0.4383838383838384 0.16375 0.4484848484848485 0.16625 0.45656565656565656 0.165 0.4666666666666667 0.1675 0.4727272727272727 0.1675 0.48282828282828283 0.16375 0.494949494949495 0.165 0.5070707070707071 0.1675 0.509090909090909 0.16625 0.5191919191919192 0.1675 0.5292929292929293 0.1575 0.5313131313131313 0.15875 0.5292929292929293 0.1575 0.5212121212121212 0.15375 0.5111111111111111 0.15 0.5070707070707071 0.145 0.4868686868686869 0.145 0.4767676767676768 0.15 0.46464646464646464 0.14625 0.4383838383838384 0.15125 0.4262626262626263
0 0.42125 0.6989898989898989 0.42125 0.692929292929293 0.4275 0.6787878787878788 0.42625 0.6646464646464646 0.43 0.6525252525252525 0.43625 0.6525252525252525 0.44 0.6585858585858586 0.44 0.6868686868686869 0.4375 0.694949494949495 0.4375 0.7111111111111111 0.435 0.7131313131313132 0.43375 0.7070707070707071 0.4325 0.6848484848484848 0.43 0.6848484848484848 0.42625 0.6909090909090909 0.425 0.701010101010101 0.4225 0.6989898989898989
0 0.13375 0.3878787878787879 0.14 0.39191919191919194 0.14 0.39595959595959596 0.1475 0.40404040404040403 0.15875 0.40404040404040403 0.16125 0.397979797979798 0.1625 0.4 0.16 0.40606060606060607 0.16125 0.4101010101010101 0.16 0.41414141414141414 0.15625 0.41818181818181815 0.1575 0.42424242424242425 0.15875 0.4202020202020202 0.16125 0.4202020202020202 0.16125 0.42424242424242425 0.15125 0.42424242424242425 0.14875 0.42828282828282827 0.14875 0.4404040404040404 0.14625 0.44242424242424244 0.14125 0.4383838383838384 0.14 0.41818181818181815 0.13 0.397979797979798 0.1325 0.4 0.13625 0.3939393939393939 0.13375 0.3898989898989899
0 0.79875 0.9373737373737374 0.80125 0.9353535353535354 0.81 0.9131313131313131 0.81625 0.9111111111111111 0.8225 0.9171717171717172 0.8225 0.9313131313131313 0.8175 0.9414141414141414 0.81625 0.9515151515151515 0.7975 0.9515151515151515 0.79875 0.9393939393939394
0 0.3725 0.3878787878787879 0.36375 0.3838383838383838 0.36125 0.3717171717171717 0.3625 0.3616161616161616 0.365 0.3575757575757576 0.36875 0.3616161616161616 0.37375 0.3797979797979798 0.37375 0.38585858585858585
0 0.1325 0.48282828282828283 0.1375 0.49696969696969695 0.1375 0.5070707070707071 0.13375 0.5131313131313131 0.13375 0.5191919191919192 0.1275 0.5373737373737374 0.12125 0.5373737373737374 0.12125 0.5313131313131313 0.1175 0.5252525252525253 0.11875 0.5171717171717172 0.1175 0.4767676767676768 0.12 0.4686868686868687 0.12625 0.4666666666666667 0.1275 0.4808080808080808 0.13125 0.48282828282828283
0 0.2475 0.4626262626262626 0.25 0.4767676767676768 0.25375 0.4808080808080808 0.2575 0.47878787878787876 0.26 0.4868686868686869 0.26375 0.4868686868686869 0.27125 0.509090909090909 0.27625 0.501010101010101 0.27875 0.501010101010101 0.28375 0.5151515151515151 0.2875 0.5212121212121212 0.29 0.5212121212121212 0.28625 0.5191919191919192 0.28 0.5313131313131313 0.275 0.5313131313131313 0.2725 0.5272727272727272 0.2725 0.5191919191919192 0.27 0.5111111111111111 0.26625 0.5111111111111111 0.26 0.5212121212121212 0.2575 0.5212121212121212 0.25875 0.5151515151515151 0.2625 0.5131313131313131 0.26625 0.5050505050505051 0.25375 0.4808080808080808 0.2475 0.47878787878787876 0.2475 0.46464646464646464
0 0.41125 0.3434343434343434 0.41625 0.3575757575757576 0.41375 0.39191919191919194 0.41125 0.39595959595959596 0.40625 0.3939393939393939 0.40625 0.3878787878787879 0.4025 0.37777777777777777 0.4025 0.36767676767676766 0.40625 0.3474747474747475 0.41 0.3434343434343434
0 0.3175 0.5434343434343434 0.3225 0.5515151515151515 0.32875 0.5515151515151515 0.33125 0.5474747474747474 0.34125 0.5454545454545454 0.34125 0.5494949494949495 0.345 0.5555555555555556 0.345 0.5575757575757576 0.3425 0.5575757575757576 0.34125 0.5535353535353535 0.34 0.5555555555555556 0.34 0.5636363636363636 0.34375 0.5696969696969697 0.34625 0.5696969696969697 0.34625 0.5757575757575758 0.3425 0.5838383838383838 0.3475 0.5898989898989899 0.34875 0.597979797979798 0.35125 0.593939393939394 0.35375 0.5959595959595959 0.35375 0.6 0.34875 0.604040404040404 0.35 0.6080808080808081 0.34625 0.6222222222222222 0.34125 0.6282828282828283 0.34 0.6242424242424243 0.33625 0.6222222222222222 0.33375 0.6222222222222222 0.33125 0.6282828282828283 0.3275 0.6282828282828283 0.325 0.6202020202020202 0.32 0.6161616161616161 0.31375 0.6161616161616161 0.31125 0.6121212121212121 0.3125 0.6080808080808081 0.3075 0.593939393939394 0.31125 0.5878787878787879 0.30375 0.5797979797979798 0.305 0.5616161616161616 0.30375 0.5494949494949495 0.30625 0.5474747474747474 0.31375 0.5535353535353535 0.31625 0.5454545454545454
0 0.435 0.5717171717171717 0.4375 0.5737373737373738 0.445 0.604040404040404 0.44875 0.6080808080808081 0.445 0.6141414141414141 0.4425 0.6404040404040404 0.435 0.6383838383838384 0.43125 0.6101010101010101 0.42875 0.604040404040404 0.43125 0.5737373737373738 0.43375 0.5717171717171717
0 0.16625 0.3656565656565657 0.1725 0.3656565656565657 0.17625 0.3717171717171717 0.17875 0.4 0.1725 0.41414141414141414 0.16375 0.4262626262626263 0.165 0.43232323232323233 0.16375 0.4505050505050505 0.1625 0.44646464646464645 0.16375 0.43232323232323233 0.16 0.42828282828282827 0.1575 0.43636363636363634 0.15375 0.43636363636363634 0.15125 0.4404040404040404 0.1525 0.45454545454545453 0.15 0.45656565656565656 0.15 0.44646464646464645 0.1425 0.43636363636363634 0.14375 0.4303030303030303 0.14 0.41818181818181815 0.14 0.4121212121212121 0.14375 0.4101010101010101 0.1425 0.4080808080808081 0.14375 0.40404040404040403 0.155 0.40404040404040403 0.16375 0.39191919191919194 0.16625 0.36767676767676766
0 0.7375 0.8161616161616162 0.74125 0.8242424242424242 0.74 0.8444444444444444 0.7425 0.8585858585858586 0.73375 0.8767676767676768 0.725 0.8747474747474747 0.725 0.8484848484848485 0.72875 0.8383838383838383 0.72875 0.8222222222222222 0.7325 0.8161616161616162 0.73625 0.8161616161616162
0 0.365 0.5212121212121212 0.36875 0.5212121212121212 0.37375 0.5313131313131313 0.3825 0.5313131313131313 0.38 0.5474747474747474 0.38125 0.591919191919192 0.37625 0.597979797979798 0.36875 0.6161616161616161 0.365 0.604040404040404 0.36625 0.5777777777777777 0.36125 0.5656565656565656 0.36125 0.5494949494949495 0.365 0.5232323232323233
0 0.4 0.5373737373737374 0.40375 0.5373737373737374 0.40375 0.5434343434343434 0.40875 0.5535353535353535 0.4075 0.5737373737373738 0.40125 0.5696969696969697 0.3975 0.5535353535353535 0.3975 0.5454545454545454 0.4 0.5393939393939394
0 0.1575 0.6767676767676768 0.1625 0.6767676767676768 0.16875 0.692929292929293 0.16875 0.701010101010101 0.17125 0.7090909090909091 0.17 0.7454545454545455 0.1675 0.7494949494949495 0.16125 0.7474747474747475 0.155 0.7090909090909091 0.155 0.6848484848484848 0.1575 0.6787878787878788
0 0.695 0.9232323232323232 0.7 0.9232323232323232 0.7075 0.9434343434343434 0.7075 0.9515151515151515 0.69 0.9515151515151515 0.695 0.9252525252525252
0 0.41625 0.5595959595959596 0.4175 0.5595959595959596 0.4175 0.5676767676767677 0.42125 0.5717171717171717 0.42 0.597979797979798 0.42375 0.604040404040404 0.42875 0.604040404040404 0.43125 0.6222222222222222 0.43375 0.6282828282828283 0.43 0.6505050505050505 0.425 0.6666666666666666 0.42375 0.6686868686868687 0.42 0.6666666666666666 0.41625 0.6464646464646465 0.405 0.6303030303030303 0.40625 0.6181818181818182 0.405 0.6141414141414141 0.4 0.6121212121212121 0.39625 0.604040404040404 0.3975 0.5717171717171717 0.40375 0.5696969696969697 0.40625 0.5656565656565656 0.41375 0.5656565656565656 0.41625 0.5616161616161616
0 0.32625 0.40404040404040403 0.33 0.40404040404040403 0.335 0.41414141414141414 0.33375 0.43232323232323233 0.335 0.4383838383838384 0.3325 0.4444444444444444 0.3275 0.4444444444444444 0.3225 0.4222222222222222 0.3225 0.4161616161616162 0.32625 0.40606060606060607
0 0.27125 0.5292929292929293 0.27 0.5191919191919192 0.27125 0.503030303030303 0.275 0.49696969696969695 0.27875 0.49696969696969695 0.2825 0.503030303030303 0.28625 0.494949494949495 0.2975 0.494949494949495 0.2975 0.498989898989899 0.3025 0.509090909090909 0.30125 0.5151515151515151 0.3025 0.5333333333333333 0.30625 0.5373737373737374 0.30625 0.5414141414141415 0.29875 0.5393939393939394 0.3 0.5353535353535354 0.295 0.5252525252525253 0.28625 0.5252525252525253 0.28125 0.5353535353535354 0.2725 0.5292929292929293
0 0.17625 0.31313131313131315 0.18 0.32525252525252524 0.18 0.3616161616161616 0.17875 0.36363636363636365 0.17375 0.3616161616161616 0.17375 0.34949494949494947 0.17 0.33535353535353535 0.17 0.32323232323232326 0.175 0.31313131313131315
0 0.4425 0.2606060606060606 0.44875 0.2606060606060606 0.4475 0.26464646464646463 0.44875 0.2686868686868687 0.44625 0.26464646464646463 0.44375 0.2686868686868687 0.445 0.2727272727272727 0.44375 0.28888888888888886 0.44125 0.29292929292929293 0.435 0.2909090909090909 0.43 0.29292929292929293 0.42875 0.28484848484848485 0.43 0.27474747474747474 0.43875 0.2727272727272727 0.4425 0.26666666666666666 0.4425 0.26262626262626265
0 0.8525 0.8787878787878788 0.86 0.901010101010101 0.86 0.9151515151515152 0.85875 0.9191919191919192 0.8475 0.9252525252525252 0.84125 0.9353535353535354 0.8375 0.9333333333333333 0.8375 0.9212121212121213 0.84125 0.9111111111111111 0.84125 0.898989898989899 0.83625 0.8888888888888888 0.8375 0.8868686868686869 0.84125 0.8888888888888888 0.8475 0.8787878787878788 0.85125 0.8787878787878788
0 0.415 0.8585858585858586 0.4225 0.8686868686868687 0.425 0.8767676767676768 0.425 0.8868686868686869 0.4225 0.9050505050505051 0.41625 0.9191919191919192 0.41625 0.9494949494949495 0.41375 0.9515151515151515 0.41 0.9474747474747475 0.40875 0.9292929292929293 0.4025 0.907070707070707 0.40625 0.8626262626262626 0.40875 0.8565656565656565 0.41375 0.8585858585858586
0 0.1325 0.38585858585858585 0.1375 0.38585858585858585 0.14125 0.397979797979798 0.14125 0.40606060606060607 0.1375 0.4121212121212121 0.14125 0.43636363636363634 0.1375 0.44242424242424244 0.1325 0.44242424242424244 0.12875 0.43636363636363634 0.12875 0.4202020202020202 0.13125 0.41414141414141414 0.12875 0.402020202020202 0.13 0.39191919191919194 0.1325 0.3878787878787879
0 0.81375 0.9131313131313131 0.82125 0.9232323232323232 0.81625 0.9494949494949495 0.8 0.9515151515151515 0.8 0.9414141414141414 0.80625 0.9212121212121213 0.81 0.9151515151515152 0.8125 0.9151515151515152
0 0.21625 0.6383838383838384 0.22 0.6424242424242425 0.21625 0.6464646464646465 0.22375 0.6585858585858586 0.22125 0.694949494949495 0.2225 0.7353535353535353 0.22 0.7434343434343434 0.2125 0.7454545454545455 0.21375 0.7333333333333333 0.2125 0.7212121212121212 0.20875 0.7111111111111111 0.20875 0.6868686868686869 0.21125 0.6727272727272727 0.20625 0.6585858585858586 0.2075 0.6525252525252525 0.21625 0.6404040404040404
0 0.51125 0.8626262626262626 0.5175 0.8828282828282829 0.52625 0.8828282828282829 0.52875 0.8686868686868687 0.53625 0.8727272727272727 0.54375 0.8828282828282829 0.55 0.901010101010101 0.55 0.9090909090909091 0.54625 0.9212121212121213 0.5475 0.9232323232323232 0.54625 0.9313131313131313 0.54625 0.9272727272727272 0.54375 0.9252525252525252 0.54625 0.907070707070707 0.54 0.8929292929292929 0.535 0.8929292929292929 0.53125 0.896969696969697 0.53125 0.9090909090909091 0.5375 0.9151515151515152 0.54 0.9212121212121213 0.535 0.9171717171717172 0.52625 0.9212121212121213 0.52125 0.9111111111111111 0.5225 0.9030303030303031 0.52 0.896969696969697 0.51375 0.896969696969697 0.51125 0.901010101010101 0.5025 0.896969696969697 0.50875 0.8848484848484849 0.5075 0.8646464646464647 0.51 0.8626262626262626
0 0.81375 0.8505050505050505 0.81125 0.8383838383838383 0.81 0.8 0.8175 0.7878787878787878 0.8175 0.7838383838383839 0.82 0.7797979797979798 0.82375 0.7838383838383839 0.82375 0.8080808080808081 0.81875 0.8202020202020202 0.81875 0.8383838383838383 0.8175 0.8464646464646465 0.815 0.8484848484848485
0 0.1525 0.46464646464646464 0.15875 0.48484848484848486 0.1575 0.5050505050505051 0.155 0.5111111111111111 0.15 0.5070707070707071 0.14375 0.48484848484848486 0.145 0.4727272727272727 0.15125 0.46464646464646464
0 0.355 0.5404040404040404 0.0175 0.046464646464646465
0 0.345 0.6262626262626263 0.35625 0.6343434343434343 0.35625 0.6565656565656566 0.35875 0.6606060606060606 0.3575 0.6727272727272727 0.35125 0.6767676767676768 0.3475 0.6888888888888889 0.34375 0.6868686868686869 0.3425 0.6707070707070707 0.3375 0.6545454545454545 0.33875 0.6282828282828283 0.34375 0.6282828282828283
0 0.495 0.901010101010101 0.50125 0.9050505050505051 0.505 0.9111111111111111 0.50375 0.9252525252525252 0.505 0.9353535353535354 0.50375 0.9373737373737374 0.5 0.9333333333333333 0.4925 0.9515151515151515 0.4775 0.9515151515151515 0.47625 0.9434343434343434 0.47125 0.9373737373737374 0.47125 0.9333333333333333 0.47625 0.9151515151515152 0.48 0.9151515151515152 0.48625 0.9050505050505051 0.49375 0.901010101010101
0 0.47875 0.8565656565656565 0.4775 0.8686868686868687 0.48 0.8727272727272727 0.48375 0.8727272727272727 0.48 0.8747474747474747 0.4825 0.8888888888888888 0.48625 0.8868686868686869 0.4875 0.8787878787878788 0.4875 0.8868686868686869 0.49125 0.8929292929292929 0.49875 0.8929292929292929 0.50375 0.8888888888888888 0.5075 0.8909090909090909 0.51 0.8868686868686869 0.51125 0.8646464646464647 0.51125 0.8727272727272727 0.515 0.8828282828282829 0.52 0.8868686868686869 0.52 0.8949494949494949 0.5225 0.898989898989899 0.525 0.8949494949494949 0.5275 0.898989898989899 0.52625 0.9212121212121213 0.5225 0.9353535353535354 0.525 0.9454545454545454 0.52125 0.9515151515151515 0.52 0.9414141414141414 0.5225 0.9171717171717172 0.51875 0.9111111111111111 0.52125 0.9050505050505051 0.51875 0.898989898989899 0.515 0.898989898989899 0.5125 0.9030303030303031 0.5125 0.9090909090909091 0.505 0.9171717171717172 0.50375 0.9313131313131313 0.50875 0.9494949494949495 0.505 0.9515151515151515 0.49375 0.9494949494949495 0.49375 0.9373737373737374 0.495 0.9353535353535354 0.4975 0.9414141414141414 0.505 0.9191919191919192 0.50375 0.9111111111111111 0.4975 0.901010101010101 0.4925 0.901010101010101 0.4875 0.9050505050505051 0.47875 0.9191919191919192 0.4775 0.9232323232323232 0.47875 0.9292929292929293 0.475 0.9414141414141414 0.47 0.9373737373737374 0.47125 0.9333333333333333 0.475 0.9313131313131313 0.47375 0.9191919191919192 0.475 0.9111111111111111 0.47 0.898989898989899 0.46875 0.8828282828282829 0.46625 0.8787878787878788 0.465 0.8686868686868687 0.46875 0.8606060606060606 0.47375 0.8606060606060606 0.4775 0.8565656565656565
0 0.54 0.8767676767676768 0.5475 0.8949494949494949 0.55625 0.9050505050505051 0.5625 0.9030303030303031 0.56625 0.896969696969697 0.5675 0.898989898989899 0.56625 0.9050505050505051 0.5675 0.9191919191919192 0.56375 0.9151515151515152 0.56 0.9171717171717172 0.55125 0.9151515151515152 0.54625 0.9212121212121213 0.5475 0.9232323232323232 0.54625 0.9313131313131313 0.535 0.9171717171717172 0.52625 0.9151515151515152 0.52625 0.907070707070707 0.53125 0.896969696969697 0.52875 0.8909090909090909 0.5225 0.8888888888888888 0.52375 0.8848484848484849 0.5275 0.8828282828282829 0.52875 0.8707070707070707 0.53625 0.8727272727272727 0.53875 0.8767676767676768
0 0.19625 0.7232323232323232 0.1975 0.7252525252525253 0.19625 0.7414141414141414 0.19875 0.7515151515151515 0.19875 0.7616161616161616 0.19625 0.7777777777777778 0.1975 0.7818181818181819 0.195 0.7838383838383839 0.185 0.7818181818181819 0.185 0.7757575757575758 0.17875 0.7616161616161616 0.17875 0.7393939393939394 0.185 0.7353535353535353 0.19 0.7212121212121212 0.195 0.7232323232323232
0 0.39125 0.3797979797979798 0.3975 0.3797979797979798 0.40125 0.3898989898989899 0.40125 0.4161616161616162 0.39 0.4202020202020202 0.39125 0.38181818181818183
0 0.20125 0.5454545454545454 0.2025 0.5535353535353535 0.2 0.5575757575757576 0.2 0.5636363636363636 0.20625 0.5696969696969697 0.205 0.5878787878787879 0.2075 0.6222222222222222 0.20375 0.6323232323232323 0.205 0.6343434343434343 0.2075 0.6343434343434343 0.20875 0.6303030303030303 0.21125 0.6323232323232323 0.21125 0.6363636363636364 0.2025 0.6464646464646465 0.2 0.6464646464646465 0.19625 0.6404040404040404 0.19625 0.6303030303030303 0.18875 0.6181818181818182 0.185 0.6181818181818182 0.18375 0.6101010101010101 0.18375 0.6 0.1925 0.5717171717171717 0.19125 0.5555555555555556 0.1925 0.5494949494949495 0.2 0.5454545454545454
0 0.29875 0.4484848484848485 0.015 0.05656565656565657
0 0.34125 0.4484848484848485 0.33625 0.43636363636363634 0.335 0.4222222222222222 0.33625 0.39595959595959596 0.34125 0.3939393939393939 0.34625 0.4080808080808081 0.345 0.4404040404040404 0.3425 0.44646464646464645
0 0.26625 0.7373737373737373 0.27875 0.7616161616161616 0.28 0.7777777777777778 0.27625 0.7838383838383839 0.26 0.7818181818181819 0.26125 0.7777777777777778 0.25875 0.7575757575757576 0.26 0.7434343434343434 0.26125 0.7393939393939394 0.265 0.7373737373737373
0 0.4275 0.3090909090909091 0.42625 0.30303030303030304 0.42 0.29494949494949496 0.42 0.28484848484848485 0.42375 0.2787878787878788 0.42375 0.2727272727272727 0.43125 0.2606060606060606 0.435 0.26464646464646463 0.43625 0.2727272727272727 0.4375 0.2828282828282828 0.43625 0.2909090909090909 0.42875 0.298989898989899 0.42875 0.30707070707070705
0 0.2 0.6323232323232323 0.2075 0.6363636363636364 0.20875 0.6464646464646465 0.20625 0.6565656565656566 0.21125 0.6686868686868687 0.21 0.7151515151515152 0.20125 0.7090909090909091 0.20125 0.6909090909090909 0.19875 0.6848484848484848 0.2 0.6343434343434343
0 0.3825 0.5313131313131313 0.3875 0.5313131313131313 0.39375 0.5474747474747474 0.39 0.5595959595959596 0.39125 0.5656565656565656 0.39 0.5737373737373738 0.3925 0.5777777777777777 0.39125 0.593939393939394 0.385 0.5959595959595959 0.3825 0.5878787878787879 0.3825 0.5717171717171717 0.37875 0.5595959595959596 0.3825 0.5333333333333333
0 0.17125 0.47474747474747475 0.185 0.494949494949495 0.18375 0.5131313131313131 0.18125 0.5212121212121212 0.1825 0.5272727272727272 0.17875 0.5393939393939394 0.17625 0.5434343434343434 0.1725 0.5434343434343434 0.17 0.5414141414141415 0.1675 0.5313131313131313 0.16875 0.5151515151515151 0.16625 0.5111111111111111 0.1675 0.509090909090909 0.16625 0.48282828282828283 0.1675 0.4767676767676768 0.17 0.4767676767676768
0 0.41 0.6363636363636364 0.415 0.6525252525252525 0.41375 0.6606060606060606 0.41375 0.6848484848484848 0.41625 0.6909090909090909 0.415 0.6989898989898989 0.40125 0.6868686868686869 0.39875 0.6747474747474748 0.39875 0.6626262626262627 0.39625 0.6565656565656566 0.39875 0.6484848484848484 0.39875 0.6404040404040404 0.40875 0.6363636363636364
0 0.2025 0.3191919191919192 0.21 0.32323232323232326 0.22125 0.32323232323232326 0.22625 0.3191919191919192 0.225 0.32525252525252524 0.22625 0.3393939393939394 0.22125 0.34949494949494947 0.21625 0.3696969696969697 0.20375 0.35555555555555557 0.19625 0.3414141414141414 0.19625 0.32323232323232326 0.20125 0.3191919191919192
0 0.17125 0.4101010101010101 0.1725 0.4080808080808081 0.17 0.4 0.165 0.39191919191919194 0.1675 0.3717171717171717 0.17125 0.36767676767676766 0.1775 0.36767676767676766 0.17875 0.3717171717171717 0.17875 0.4 0.1775 0.40606060606060607 0.17125 0.4121212121212121
0 0.3475 0.2787878787878788 0.3475 0.2868686868686869 0.35125 0.30303030303030304 0.355 0.3090909090909091 0.35875 0.3090909090909091 0.35875 0.31313131313131315 0.3525 0.3191919191919192 0.35 0.32525252525252524 0.3525 0.3515151515151515 0.34125 0.35353535353535354 0.3325 0.3212121212121212 0.33875 0.28484848484848485 0.34625 0.2808080808080808
0 0.4625 0.1898989898989899 0.465 0.19797979797979798 0.46375 0.22626262626262628 0.45875 0.23030303030303031 0.45625 0.2222222222222222 0.45625 0.20202020202020202 0.46125 0.1919191919191919
0 0.28625 0.4161616161616162 0.29 0.42424242424242425 0.28875 0.4808080808080808 0.28625 0.48484848484848486 0.2825 0.48282828282828283 0.28125 0.4666666666666667 0.28 0.4383838383838384 0.285 0.41818181818181815
0 0.29625 0.494949494949495 0.30125 0.5070707070707071 0.3025 0.5272727272727272 0.3 0.5353535353535354 0.3025 0.5393939393939394 0.30625 0.5393939393939394 0.30625 0.5474747474747474 0.30875 0.5515151515151515 0.3075 0.5636363636363636 0.31 0.5717171717171717 0.30875 0.5838383838383838 0.30125 0.5818181818181818 0.29625 0.5898989898989899 0.2975 0.593939393939394 0.3 0.593939393939394 0.30125 0.6 0.3 0.6080808080808081 0.29625 0.6060606060606061 0.29625 0.5959595959595959 0.2925 0.5838383838383838 0.29625 0.5757575757575758 0.295 0.5636363636363636 0.29 0.5555555555555556 0.295 0.5494949494949495 0.3 0.5494949494949495 0.3025 0.5434343434343434 0.2975 0.5292929292929293 0.28625 0.5191919191919192 0.28375 0.5070707070707071 0.2875 0.49696969696969695 0.295 0.49696969696969695
0 0.34875 0.25656565656565655 0.3525 0.27070707070707073 0.34875 0.2868686868686869 0.34875 0.298989898989899 0.34125 0.30707070707070705 0.33625 0.30505050505050507 0.335 0.301010101010101 0.33625 0.28484848484848485 0.335 0.2585858585858586 0.34 0.2545454545454545 0.3475 0.25656565656565655
0 0.6725 0.9191919191919192 0.68125 0.9373737373737374 0.67875 0.9515151515151515 0.6575 0.9515151515151515 0.6575 0.9474747474747475 0.66125 0.9414141414141414 0.66 0.9252525252525252 0.66625 0.9171717171717172 0.67125 0.9191919191919192
0 0.4 0.3696969696969697 0.40125 0.3797979797979798 0.41 0.39595959595959596 0.40375 0.402020202020202 0.40125 0.4161616161616162 0.39625 0.4161616161616162 0.39875 0.397979797979798 0.3975 0.38585858585858585 0.39 0.3878787878787879 0.39125 0.3939393939393939 0.39 0.402020202020202 0.39125 0.3797979797979798 0.39375 0.37373737373737376 0.39875 0.3717171717171717
0 0.7425 0.7757575757575758 0.7425 0.7797979797979798 0.7475 0.7878787878787878 0.75125 0.802020202020202 0.7475 0.8222222222222222 0.745 0.8262626262626263 0.74375 0.8464646464646465 0.74125 0.8444444444444444 0.7425 0.8262626262626263 0.73875 0.8161616161616162 0.7325 0.8121212121212121 0.73375 0.802020202020202 0.7275 0.793939393939394 0.7375 0.7757575757575758 0.74125 0.7757575757575758
0 0.17125 0.5616161616161616 0.175 0.5636363636363636 0.18125 0.5858585858585859 0.17875 0.6181818181818182 0.175 0.6181818181818182 0.17125 0.6080808080808081 0.17125 0.6 0.16875 0.591919191919192 0.17 0.5636363636363636
0 0.1875 0.6161616161616161 0.1925 0.6262626262626263 0.1975 0.6484848484848484 0.1975 0.6888888888888889 0.19625 0.701010101010101 0.19375 0.7070707070707071 0.19125 0.7070707070707071 0.18625 0.6909090909090909 0.185 0.6727272727272727 0.17875 0.6484848484848484 0.17875 0.6323232323232323 0.18125 0.6262626262626263 0.18125 0.6181818181818182 0.18625 0.6161616161616161
0 0.46625 0.23030303030303031 0.46875 0.23434343434343435 0.46875 0.2545454545454545 0.4675 0.2606060606060606 0.4625 0.26666666666666666 0.46375 0.27474747474747474 0.4625 0.2767676767676768 0.46 0.2727272727272727 0.46 0.2686868686868687 0.455 0.2585858585858586 0.455 0.2404040404040404 0.4575 0.23434343434343435 0.465 0.23232323232323232
0 0.25 0.5333333333333333 0.25625 0.5474747474747474 0.25625 0.5797979797979798 0.25125 0.593939393939394 0.24375 0.5858585858585859 0.24 0.5656565656565656 0.24 0.5494949494949495 0.2425 0.5393939393939394 0.245 0.5333333333333333 0.24875 0.5333333333333333
0 0.415 0.29292929292929293 0.41625 0.2727272727272727 0.4175 0.27070707070707073 0.42125 0.2727272727272727 0.43 0.2545454545454545 0.43375 0.2545454545454545 0.43625 0.2606060606060606 0.43875 0.2828282828282828 0.4375 0.2909090909090909 0.43125 0.29494949494949496 0.4275 0.301010101010101 0.4275 0.30505050505050507 0.42625 0.301010101010101 0.41625 0.29494949494949496
0 0.325 0.48282828282828283 0.3275 0.4888888888888889 0.33 0.4888888888888889 0.3275 0.5111111111111111 0.32875 0.5292929292929293 0.3275 0.5353535353535354 0.31875 0.5353535353535354 0.3175 0.48282828282828283 0.31875 0.4808080808080808 0.32375 0.48282828282828283
0 0.32125 0.6202020202020202 0.325 0.6282828282828283 0.32625 0.6464646464646465 0.32125 0.6565656565656566 0.3225 0.6727272727272727 0.32 0.6747474747474748 0.31625 0.6727272727272727 0.31375 0.6767676767676768 0.3125 0.6767676767676768 0.31375 0.6646464646464646 0.31 0.6525252525252525 0.30875 0.6363636363636364 0.31375 0.6202020202020202 0.32 0.6202020202020202
0 0.5175 0.6363636363636364 0.5225 0.6545454545454545 0.525 0.6747474747474748 0.515 0.6909090909090909 0.51125 0.6888888888888889 0.5075 0.6787878787878788 0.5075 0.6686868686868687 0.51 0.6646464646464646 0.51 0.6585858585858586 0.5075 0.6525252525252525 0.5125 0.6464646464646465 0.5125 0.6404040404040404 0.51625 0.6363636363636364
0 0.50125 0.15151515151515152 0.50625 0.15151515151515152 0.51 0.16363636363636364 0.505 0.17777777777777778 0.50125 0.17777777777777778 0.5 0.16767676767676767 0.50125 0.15353535353535352
0 0.13375 0.4080808080808081 0.13625 0.4101010101010101 0.14 0.42424242424242425 0.14 0.4404040404040404 0.1325 0.4585858585858586 0.13375 0.4767676767676768 0.13125 0.4808080808080808 0.1275 0.47878787878787876 0.1275 0.4686868686868687 0.125 0.4585858585858586 0.12625 0.42828282828282827 0.12875 0.41818181818181815 0.13375 0.4101010101010101
0 0.6725 0.9191919191919192 0.67875 0.9272727272727272 0.6825 0.9393939393939394 0.68125 0.9515151515151515 0.6575 0.9515151515151515 0.65625 0.9494949494949495 0.65875 0.9414141414141414 0.6575 0.9393939393939394 0.65875 0.9252525252525252 0.66625 0.9171717171717172 0.67125 0.9191919191919192
0 0.59625 0.7454545454545455 0.02 0.08484848484848485
0 0.37 0.38585858585858585 0.37375 0.39191919191919194 0.375 0.42424242424242425 0.37375 0.42828282828282827 0.36625 0.42828282828282827 0.36375 0.3939393939393939 0.365 0.3878787878787879 0.36875 0.38585858585858585
0 0.44 0.8383838383838383 0.44375 0.8424242424242424 0.445 0.8525252525252526 0.445 0.8626262626262626 0.44 0.8767676767676768 0.44 0.8848484848484849 0.44625 0.9050505050505051 0.445 0.9191919191919192 0.44625 0.9313131313131313 0.445 0.9393939393939394 0.4425 0.9414141414141414 0.44 0.9393939393939394 0.43375 0.9212121212121213 0.43375 0.8929292929292929 0.43 0.8808080808080808 0.43125 0.8464646464646465 0.435 0.8383838383838383 0.43875 0.8383838383838383
0 0.81375 0.9131313131313131 0.82125 0.9212121212121213 0.82125 0.9313131313131313 0.81625 0.9434343434343434 0.81625 0.9515151515151515 0.77375 0.9515151515151515 0.77125 0.9494949494949495 0.7725 0.9414141414141414 0.77375 0.9474747474747475 0.78375 0.9474747474747475 0.7875 0.9414141414141414 0.78875 0.9272727272727272 0.78625 0.9212121212121213 0.78125 0.9292929292929293 0.7825 0.9212121212121213 0.78875 0.9212121212121213 0.8 0.9333333333333333 0.81 0.9151515151515152 0.8125 0.9151515151515152
0 0.14 0.402020202020202 0.145 0.40404040404040403 0.14875 0.4101010101010101 0.1525 0.42424242424242425 0.15125 0.4262626262626263 0.1525 0.44242424242424244 0.1475 0.4444444444444444 0.1425 0.4404040404040404 0.14 0.43434343434343436 0.14 0.4202020202020202 0.1375 0.41414141414141414 0.14 0.40404040404040403
0 0.48375 0.2585858585858586 0.485 0.26262626262626265 0.48125 0.28484848484848485 0.4775 0.2828282828282828 0.47875 0.2767676767676768 0.4775 0.2606060606060606 0.4825 0.2585858585858586
0 0.3275 0.47878787878787876 0.33 0.47878787878787876 0.33125 0.48282828282828283 0.32875 0.4868686868686869 0.33375 0.498989898989899 0.33375 0.5232323232323233 0.33875 0.5333333333333333 0.33875 0.5414141414141415 0.34125 0.5454545454545454 0.34 0.5515151515151515 0.345 0.5535353535353535 0.345 0.5636363636363636 0.34875 0.5696969696969697 0.34625 0.5838383838383838 0.3475 0.6101010101010101 0.345 0.6202020202020202 0.34375 0.6121212121212121 0.33625 0.6060606060606061 0.33375 0.6101010101010101 0.335 0.6181818181818182 0.34125 0.6222222222222222 0.335 0.6202020202020202 0.33 0.6282828282828283 0.3275 0.6181818181818182 0.3225 0.6121212121212121 0.32375 0.6080808080808081 0.32 0.604040404040404 0.3175 0.6060606060606061 0.3125 0.597979797979798 0.315 0.5595959595959596 0.31125 0.5535353535353535 0.315 0.5494949494949495 0.3175 0.5393939393939394 0.32375 0.5494949494949495 0.3275 0.5494949494949495 0.33 0.5454545454545454 0.33 0.5414141414141415 0.32625 0.5353535353535354 0.32875 0.49696969696969695 0.32625 0.4909090909090909 0.3275 0.4808080808080808
0 0.3 0.39595959595959596 0.3025 0.39595959595959596 0.3075 0.4080808080808081 0.305 0.4202020202020202 0.29375 0.42424242424242425 0.3 0.397979797979798
0 0.40125 0.2505050505050505 0.41375 0.26464646464646463 0.4125 0.2787878787878788 0.41375 0.2808080808080808 0.41625 0.2787878787878788 0.4175 0.2686868686868687 0.42125 0.2828282828282828 0.41875 0.29494949494949496 0.41125 0.29494949494949496 0.40625 0.301010101010101 0.41 0.31717171717171716 0.41 0.32727272727272727 0.40625 0.33131313131313134 0.4025 0.33131313131313134 0.40125 0.3151515151515151 0.395 0.30505050505050507 0.39375 0.29292929292929293 0.38875 0.2808080808080808 0.3875 0.26262626262626265 0.38875 0.25656565656565655 0.39 0.2545454545454545 0.3975 0.25656565656565655 0.4 0.25252525252525254
0 0.415 0.795959595959596 0.41875 0.797979797979798 0.42125 0.806060606060606 0.42875 0.8161616161616162 0.43 0.8242424242424242 0.4275 0.8343434343434344 0.42375 0.8383838383838383 0.4125 0.8181818181818182 0.41375 0.8080808080808081 0.4125 0.797979797979798 0.41375 0.797979797979798
0 0.43375 0.2545454545454545 0.43625 0.26262626262626265 0.4375 0.28484848484848485 0.43375 0.29292929292929293 0.4275 0.298989898989899 0.4275 0.30505050505050507 0.425 0.298989898989899 0.4175 0.29292929292929293 0.41625 0.27474747474747474 0.41875 0.27070707070707073 0.42125 0.2767676767676768 0.4225 0.27070707070707073 0.4325 0.2545454545454545
0 0.445 0.8161616161616162 0.44875 0.8242424242424242 0.45 0.8363636363636363 0.45375 0.8424242424242424 0.45125 0.8545454545454545 0.445 0.8606060606060606 0.44375 0.8484848484848485 0.43875 0.8404040404040404 0.43125 0.8525252525252526 0.4325 0.8363636363636363 0.44375 0.8181818181818182
0 0.22625 0.5151515151515151 0.23125 0.5111111111111111 0.23375 0.5191919191919192 0.23875 0.5252525252525253 0.24 0.5353535353535354 0.2375 0.5676767676767677 0.2325 0.5656565656565656 0.23 0.5575757575757576 0.2225 0.5474747474747474 0.2225 0.5292929292929293 0.22625 0.5171717171717172
0 0.29375 0.301010101010101 0.31 0.31717171717171716 0.31125 0.32727272727272727 0.30625 0.3434343434343434 0.30625 0.35555555555555557 0.29625 0.36363636363636365 0.29125 0.3616161616161616 0.2925 0.3474747474747475 0.28875 0.3414141414141414 0.28 0.3434343434343434 0.2775 0.33535353535353535 0.2775 0.3212121212121212 0.28625 0.30505050505050507 0.2925 0.301010101010101
0 0.1625 0.45454545454545453 0.165 0.4585858585858586 0.16375 0.46464646464646464 0.165 0.4727272727272727 0.1725 0.4808080808080808 0.1725 0.4868686868686869 0.16625 0.4888888888888889 0.16625 0.503030303030303 0.17 0.509090909090909 0.17125 0.5212121212121212 0.175 0.5252525252525253 0.175 0.5393939393939394 0.1725 0.5414141414141415 0.1675 0.5393939393939394 0.165 0.5434343434343434 0.15875 0.5454545454545454 0.155 0.5414141414141415 0.15125 0.5252525252525253 0.155 0.5191919191919192 0.15375 0.5111111111111111 0.15 0.5070707070707071 0.1525 0.47878787878787876 0.15 0.4767676767676768 0.1475 0.4808080808080808 0.14875 0.48282828282828283 0.1475 0.4888888888888889 0.14625 0.47474747474747475 0.15125 0.4626262626262626 0.15375 0.46464646464646464 0.1575 0.45454545454545453 0.16125 0.45454545454545453
0 0.24 0.7131313131313132 0.24375 0.7151515151515152 0.2475 0.7131313131313132 0.25125 0.7171717171717171 0.25375 0.7212121212121212 0.2575 0.7414141414141414 0.25625 0.7676767676767676 0.2575 0.7757575757575758 0.25375 0.7818181818181819 0.2375 0.7818181818181819 0.23625 0.7676767676767676 0.23 0.7575757575757576 0.2275 0.7454545454545455 0.23 0.7353535353535353 0.23625 0.7272727272727273 0.24 0.7151515151515152
0 0.185 0.31313131313131315 0.1875 0.3151515151515151 0.1925 0.33131313131313134 0.1925 0.34949494949494947 0.18875 0.3595959595959596 0.185 0.3616161616161616 0.1825 0.3575757575757576 0.18125 0.32323232323232326 0.185 0.3151515151515151
0 0.2925 0.298989898989899 0.30125 0.3111111111111111 0.305 0.3212121212121212 0.305 0.33131313131313134 0.3075 0.3333333333333333 0.30625 0.35555555555555557 0.3025 0.35555555555555557 0.29625 0.36363636363636365 0.2925 0.3616161616161616 0.29125 0.3575757575757576 0.2925 0.34545454545454546 0.29 0.3414141414141414 0.27875 0.3393939393939394 0.2775 0.3292929292929293 0.27875 0.3191919191919192 0.28875 0.301010101010101 0.29125 0.301010101010101
0 0.52375 0.6808080808080809 0.5325 0.701010101010101 0.52625 0.7353535353535353 0.52625 0.7494949494949495 0.52375 0.7636363636363637 0.52125 0.7636363636363637 0.5175 0.7535353535353535 0.5175 0.7313131313131314 0.5125 0.7090909090909091 0.515 0.694949494949495 0.51875 0.6848484848484848 0.5225 0.6808080808080809
0 0.5075 0.9515151515151515 0.50625 0.9191919191919192 0.51 0.9131313131313131 0.5125 0.8949494949494949 0.5225 0.896969696969697 0.52125 0.9111111111111111 0.5275 0.9252525252525252 0.52625 0.9515151515151515 0.50875 0.9515151515151515
0 0.25625 0.44646464646464645 0.26125 0.45252525252525255 0.25875 0.46060606060606063 0.26 0.4686868686868687 0.25875 0.48282828282828283 0.2475 0.4808080808080808 0.2425 0.4686868686868687 0.2425 0.46464646464646464 0.25 0.4484848484848485 0.255 0.44646464646464645
0 0.435 0.5717171717171717 0.43875 0.5777777777777777 0.44 0.5898989898989899 0.445 0.6060606060606061 0.44875 0.602020202020202 0.4475 0.591919191919192 0.44875 0.5898989898989899 0.45 0.591919191919192 0.45 0.602020202020202 0.445 0.6262626262626263 0.44375 0.6666666666666666 0.43875 0.6505050505050505 0.4275 0.6525252525252525 0.43 0.6424242424242425 0.42625 0.6363636363636364 0.42125 0.6343434343434343 0.415 0.6202020202020202 0.41375 0.597979797979798 0.4175 0.591919191919192 0.42 0.591919191919192 0.42125 0.597979797979798 0.425 0.602020202020202 0.43 0.5898989898989899 0.43125 0.5737373737373738 0.43375 0.5717171717171717
0 0.3575 0.2808080808080808 0.36 0.296969696969697 0.35875 0.30707070707070705 0.355 0.3090909090909091 0.35125 0.30303030303030304 0.35125 0.2828282828282828 0.35625 0.2808080808080808
0 0.5375 0.6868686868686869 0.53875 0.6626262626262627 0.5425 0.6585858585858586 0.55 0.6787878787878788 0.55 0.692929292929293 0.54375 0.6888888888888889 0.53875 0.6909090909090909 0.53875 0.6888888888888889
0 0.21625 0.7595959595959596 0.2175 0.7656565656565657 0.225 0.7737373737373737 0.22625 0.7818181818181819 0.215 0.7858585858585858 0.2075 0.7858585858585858 0.20375 0.7818181818181819 0.20875 0.7717171717171717 0.21 0.7636363636363637 0.215 0.7595959595959596
0 0.55875 0.7434343434343434 0.56625 0.7535353535353535 0.565 0.7696969696969697 0.56 0.7797979797979798 0.55875 0.7878787878787878 0.56 0.8 0.55625 0.8 0.55 0.7898989898989899 0.54625 0.7737373737373737 0.5475 0.7494949494949495 0.5575 0.7434343434343434
0 0.30625 0.509090909090909 0.3075 0.5151515151515151 0.31 0.5171717171717172 0.31 0.5212121212121212 0.30625 0.5272727272727272 0.3075 0.5474747474747474 0.31 0.5515151515151515 0.31375 0.5515151515151515 0.315 0.5454545454545454 0.3175 0.5434343434343434 0.32375 0.5535353535353535 0.3275 0.5555555555555556 0.325 0.5595959595959596 0.32625 0.5676767676767677 0.3225 0.5737373737373738 0.32625 0.5898989898989899 0.33 0.593939393939394 0.32875 0.6060606060606061 0.33125 0.6101010101010101 0.33125 0.6161616161616161 0.31125 0.6181818181818182 0.30625 0.6323232323232323 0.3025 0.6242424242424243 0.3 0.6242424242424243 0.2975 0.6161616161616161 0.29625 0.591919191919192 0.3 0.593939393939394 0.30375 0.5858585858585859 0.30125 0.5777777777777777 0.30125 0.5515151515151515 0.30625 0.5333333333333333 0.305 0.5292929292929293 0.3075 0.5212121212121212 0.30625 0.5111111111111111
0 0.5325 0.9212121212121213 0.545 0.9333333333333333 0.5475 0.9494949494949495 0.5275 0.9515151515151515 0.52625 0.9292929292929293 0.52875 0.9232323232323232 0.53125 0.9232323232323232
0 0.4525 0.602020202020202 0.46 0.593939393939394 0.4625 0.6101010101010101 0.4625 0.6202020202020202 0.46 0.6262626262626263 0.45875 0.6404040404040404 0.45875 0.6606060606060606 0.455 0.6686868686868687 0.45375 0.6666666666666666 0.4475 0.6686868686868687 0.445 0.6666666666666666 0.44625 0.6222222222222222 0.4475 0.6141414141414141 0.4525 0.604040404040404
0 0.39 0.35353535353535354 0.38875 0.3656565656565657 0.39 0.36767676767676766 0.3925 0.36363636363636365 0.3925 0.3717171717171717 0.39 0.37575757575757573 0.39125 0.3797979797979798 0.38875 0.3838383838383838 0.3875 0.40404040404040403 0.3825 0.4101010101010101 0.38 0.40606060606060607 0.3825 0.3939393939393939 0.38125 0.3616161616161616 0.38375 0.35555555555555557 0.38875 0.35555555555555557
0 0.7875 0.9191919191919192 0.7975 0.9393939393939394 0.7975 0.9474747474747475 0.795 0.9515151515151515 0.7725 0.9515151515151515 0.77125 0.9494949494949495 0.7725 0.9373737373737374 0.78 0.9272727272727272 0.7825 0.9191919191919192 0.78625 0.9191919191919192
0 0.56625 0.8828282828282829 0.57 0.8787878787878788 0.5725 0.8828282828282829 0.57 0.9050505050505051 0.5775 0.9232323232323232 0.5775 0.9494949494949495 0.57 0.9515151515151515 0.565 0.9414141414141414 0.5625 0.9171717171717172 0.56 0.9090909090909091 0.565 0.901010101010101 0.56625 0.8848484848484849
0 0.85875 0.9212121212121213 0.86375 0.9313131313131313 0.86375 0.9373737373737374 0.8675 0.9474747474747475 0.86625 0.9515151515151515 0.84 0.9515151515151515 0.83875 0.9494949494949495 0.84 0.9414141414141414 0.8475 0.9272727272727272 0.8575 0.9212121212121213
0 0.52875 0.8707070707070707 0.53625 0.8727272727272727 0.54375 0.8828282828282829 0.54625 0.8929292929292929 0.55625 0.9050505050505051 0.5625 0.9030303030303031 0.5675 0.8949494949494949 0.5675 0.9111111111111111 0.5775 0.9252525252525252 0.5775 0.9333333333333333 0.57 0.9313131313131313 0.56375 0.9494949494949495 0.5625 0.9373737373737374 0.56 0.9333333333333333 0.56 0.9212121212121213 0.5575 0.9171717171717172 0.55125 0.9151515151515152 0.5475 0.9212121212121213 0.54625 0.9353535353535354 0.53625 0.9212121212121213 0.52625 0.9171717171717172 0.525 0.9131313131313131 0.52625 0.898989898989899 0.5225 0.8868686868686869 0.52875 0.8808080808080808 0.5275 0.8747474747474747 0.52875 0.8727272727272727
0 0.2475 0.6080808080808081 0.2525 0.6181818181818182 0.2525 0.6343434343434343 0.24875 0.6424242424242425 0.2525 0.6727272727272727 0.25125 0.6787878787878788 0.24375 0.6767676767676768 0.24375 0.6585858585858586 0.235 0.6282828282828283 0.23875 0.6101010101010101 0.24125 0.6060606060606061 0.24625 0.6080808080808081
0 0.46 0.23030303030303031 0.46375 0.23636363636363636 0.4625 0.25656565656565655 0.45875 0.26464646464646463 0.45625 0.26464646464646463 0.4525 0.2585858585858586 0.4525 0.2404040404040404 0.45875 0.23030303030303031
0 0.41375 0.5575757575757576 0.4175 0.5575757575757576 0.4175 0.5676767676767677 0.4225 0.5757575757575758 0.41875 0.5898989898989899 0.41875 0.6 0.41375 0.604040404040404 0.41 0.593939393939394 0.40875 0.5818181818181818 0.40875 0.5696969696969697 0.41375 0.5595959595959596
0 0.2025 0.34545454545454546 0.2125 0.35353535353535354 0.21625 0.35353535353535354 0.2175 0.3696969696969697 0.21 0.37777777777777777 0.19875 0.37777777777777777 0.19375 0.37373737373737376 0.195 0.35353535353535354 0.20125 0.34545454545454546
0 0.46625 0.5959595959595959 0.4725 0.604040404040404 0.47625 0.6202020202020202 0.475 0.6222222222222222 0.47625 0.6343434343434343 0.4725 0.6383838383838384 0.47 0.6464646464646465 0.47 0.6545454545454545 0.47 0.6464646464646465 0.46625 0.6404040404040404 0.46375 0.6262626262626263 0.465 0.6141414141414141 0.4625 0.6060606060606061 0.4625 0.597979797979798 0.465 0.597979797979798
0 0.3625 0.29292929292929293 0.36125 0.26262626262626265 0.36375 0.2545454545454545 0.36875 0.26262626262626265 0.36875 0.28888888888888886 0.36625 0.29494949494949496 0.36375 0.29292929292929293
0 0.345 0.28484848484848485 0.35125 0.30303030303030304 0.355 0.3090909090909091 0.35875 0.3090909090909091 0.35875 0.3151515151515151 0.355 0.31717171717171716 0.35 0.32727272727272727 0.35375 0.3474747474747475 0.3525 0.3515151515151515 0.3425 0.35353535353535354 0.34 0.34949494949494947 0.3375 0.3333333333333333 0.33875 0.32727272727272727 0.335 0.3212121212121212 0.335 0.31313131313131315 0.3375 0.3111111111111111 0.34 0.29494949494949496 0.3425 0.29292929292929293 0.34375 0.2868686868686869
0 0.48625 0.8848484848484849 0.48875 0.8808080808080808 0.48875 0.8747474747474747 0.49375 0.8565656565656565 0.49625 0.8525252525252526 0.5 0.8525252525252526 0.50375 0.8646464646464647 0.51 0.8747474747474747 0.51125 0.8787878787878788 0.51 0.8828282828282829 0.49625 0.896969696969697 0.49375 0.896969696969697 0.4875 0.8868686868686869
0 0.5075 0.1494949494949495 0.51125 0.1595959595959596 0.51125 0.16767676767676767 0.505 0.17575757575757575 0.5025 0.17575757575757575 0.50125 0.15151515151515152 0.50625 0.1494949494949495
0 0.453125 0.705050505050505 0.02375 0.044444444444444446
0 0.14 0.33131313131313134 0.1425 0.3292929292929293 0.14625 0.33131313131313134 0.15375 0.3474747474747475 0.15375 0.37777777777777777 0.1525 0.3797979797979798 0.14375 0.37777777777777777 0.1375 0.3595959595959596 0.1375 0.34545454545454546 0.14 0.3333333333333333
0 0.52875 0.8727272727272727 0.535 0.8727272727272727 0.5425 0.8808080808080808 0.55 0.9030303030303031 0.55 0.9171717171717172 0.5475 0.9212121212121213 0.54625 0.9393939393939394 0.54 0.9272727272727272 0.5325 0.9212121212121213 0.52875 0.9212121212121213 0.525 0.9151515151515152 0.5275 0.896969696969697 0.53 0.8949494949494949 0.5275 0.8888888888888888 0.52875 0.8747474747474747
0 0.47375 0.6383838383838384 0.47625 0.6363636363636364 0.48 0.6404040404040404 0.48375 0.6383838383838384 0.4875 0.6505050505050505 0.485 0.692929292929293 0.48375 0.694949494949495 0.47875 0.6909090909090909 0.47375 0.6909090909090909 0.4725 0.6888888888888889 0.475 0.6707070707070707 0.4725 0.6606060606060606 0.47375 0.6404040404040404
0 0.47 0.3212121212121212 0.46875 0.3717171717171717 0.46625 0.37373737373737376 0.4625 0.3696969696969697 0.46125 0.34949494949494947 0.46125 0.3333333333333333 0.46875 0.32323232323232326
0 0.5775 0.8727272727272727 0.58125 0.8747474747474747 0.5825 0.8808080808080808 0.59125 0.8949494949494949 0.595 0.9151515151515152 0.59875 0.9232323232323232 0.59875 0.9313131313131313 0.5975 0.9333333333333333 0.5975 0.9232323232323232 0.595 0.9212121212121213 0.5925 0.9252525252525252 0.5925 0.9353535353535354 0.59 0.9393939393939394 0.5775 0.9434343434343434 0.57875 0.9252525252525252 0.5725 0.9171717171717172 0.5675 0.898989898989899 0.5675 0.8868686868686869 0.57375 0.8747474747474747 0.57625 0.8747474747474747
0 0.245 0.3292929292929293 0.25625 0.33131313131313134 0.2575 0.35555555555555557 0.25375 0.3575757575757576 0.24875 0.36767676767676766 0.24875 0.37575757575757573 0.24375 0.38585858585858585 0.24 0.38585858585858585 0.2375 0.38181818181818183 0.23625 0.3575757575757576 0.23875 0.3515151515151515 0.23375 0.34545454545454546 0.23375 0.3414141414141414 0.23625 0.3393939393939394 0.23625 0.33131313131313134 0.24375 0.3292929292929293
0 0.1725 0.4767676767676768 0.18125 0.498989898989899 0.18125 0.5111111111111111 0.175 0.5171717171717172 0.16875 0.5151515151515151 0.17 0.509090909090909 0.16875 0.503030303030303 0.17125 0.498989898989899 0.165 0.4888888888888889 0.16125 0.4909090909090909 0.16 0.48484848484848486 0.16 0.47878787878787876 0.165 0.48282828282828283 0.17125 0.4767676767676768
0 0.40125 0.2505050505050505 0.4125 0.26464646464646463 0.41125 0.2767676767676768 0.4125 0.29292929292929293 0.40625 0.298989898989899 0.40875 0.32727272727272727 0.40375 0.33131313131313134 0.4025 0.3292929292929293 0.40125 0.31313131313131315 0.395 0.30303030303030304 0.395 0.2909090909090909 0.39 0.2787878787878788 0.39 0.2585858585858586 0.39125 0.26666666666666666 0.39375 0.2686868686868687 0.39625 0.2585858585858586 0.4 0.25252525252525254
0 0.22625 0.7474747474747475 0.22875 0.7373737373737373 0.2325 0.7313131313131314 0.23875 0.7272727272727273 0.24625 0.7656565656565657 0.245 0.7696969696969697 0.25 0.7737373737373737 0.25 0.7777777777777778 0.2475 0.7797979797979798 0.24875 0.7818181818181819 0.235 0.7818181818181819 0.22875 0.7696969696969697 0.22625 0.7696969696969697 0.22875 0.7636363636363637 0.2275 0.7494949494949495
0 0.43625 0.35858585858585856 0.0125 0.05858585858585859
0 0.48375 0.2585858585858586 0.485 0.2606060606060606 0.48375 0.2767676767676768 0.48125 0.28484848484848485 0.47875 0.28484848484848485 0.4775 0.2808080808080808 0.47875 0.2767676767676768 0.4775 0.2606060606060606 0.4825 0.2585858585858586
0 0.57125 0.703030303030303 0.57375 0.7070707070707071 0.57375 0.7151515151515152 0.57125 0.7333333333333333 0.56625 0.7474747474747475 0.5625 0.7474747474747475 0.55625 0.7373737373737373 0.55625 0.7151515151515152 0.56125 0.7070707070707071 0.57 0.703030303030303
0 0.6125 0.9090909090909091 0.6175 0.9131313131313131 0.62375 0.9333333333333333 0.61875 0.9515151515151515 0.605 0.9515151515151515 0.59875 0.9353535353535354 0.60125 0.9212121212121213 0.6075 0.9111111111111111 0.61125 0.9090909090909091
0 0.199375 0.5838383838383838 0.02125 0.08080808080808081
0 0.46125 0.26464646464646463 0.46375 0.24242424242424243 0.46625 0.2404040404040404 0.47 0.24646464646464647 0.47125 0.2545454545454545 0.47125 0.2787878787878788 0.47 0.2868686868686869 0.465 0.28888888888888886 0.4625 0.2787878787878788 0.4625 0.26666666666666666
0 0.26375 0.4686868686868687 0.26625 0.4727272727272727 0.26625 0.47878787878787876 0.265 0.48484848484848486 0.26 0.4888888888888889 0.2575 0.4888888888888889 0.25125 0.4808080808080808 0.2475 0.4808080808080808 0.24375 0.4666666666666667 0.25125 0.44646464646464645 0.2575 0.44646464646464645 0.26125 0.45252525252525255 0.26 0.46464646464646464 0.2625 0.4686868686868687
0 0.29625 0.30303030303030304 0.3025 0.3212121212121212 0.30375 0.3333333333333333 0.30625 0.3373737373737374 0.305 0.35353535353535354 0.29625 0.36363636363636365 0.29125 0.3595959595959596 0.2925 0.34545454545454546 0.29 0.3414141414141414 0.27875 0.3393939393939394 0.27875 0.3212121212121212 0.285 0.30707070707070705 0.29 0.301010101010101 0.295 0.30303030303030304
0 0.425 0.23434343434343435 0.42875 0.2404040404040404 0.43 0.25656565656565655 0.42875 0.2686868686868687 0.425 0.27070707070707073 0.42125 0.26262626262626265 0.41875 0.24444444444444444 0.42375 0.23636363636363636
0 0.47125 0.2222222222222222 0.46875 0.19595959595959597 0.4725 0.18383838383838383 0.475 0.18585858585858586 0.4775 0.19797979797979798 0.47625 0.2222222222222222 0.4725 0.2222222222222222
0 0.86875 0.8848484848484849 0.8725 0.8888888888888888 0.875 0.9030303030303031 0.87125 0.9474747474747475 0.86875 0.9515151515151515 0.8625 0.9494949494949495 0.86125 0.9414141414141414 0.8625 0.9313131313131313 0.85875 0.9252525252525252 0.86375 0.9050505050505051 0.86375 0.8929292929292929 0.8675 0.8868686868686869
0 0.35875 0.3616161616161616 0.36375 0.3838383838383838 0.36125 0.402020202020202 0.3575 0.402020202020202 0.35625 0.3939393939393939 0.35125 0.38585858585858585 0.35125 0.37373737373737376 0.35375 0.3656565656565657 0.3575 0.3616161616161616
0 0.3575 0.5191919191919192 0.36 0.5212121212121212 0.35375 0.5292929292929293 0.35375 0.5373737373737374 0.35625 0.5414141414141415 0.36 0.5393939393939394 0.3575 0.5353535353535354 0.3625 0.5333333333333333 0.36375 0.5252525252525253 0.36625 0.5232323232323233 0.37 0.5252525252525253 0.36875 0.5292929292929293 0.3725 0.5353535353535354 0.38625 0.5333333333333333 0.38125 0.5373737373737374 0.37875 0.5595959595959596 0.375 0.5636363636363636 0.37 0.5636363636363636 0.3675 0.5676767676767677 0.3675 0.5717171717171717 0.3725 0.5757575757575758 0.375 0.5959595959595959 0.37375 0.6060606060606061 0.36625 0.6222222222222222 0.3675 0.6323232323232323 0.36375 0.6343434343434343 0.36 0.6323232323232323 0.36 0.6222222222222222 0.35875 0.6202020202020202 0.355 0.6222222222222222 0.35375 0.6141414141414141 0.35 0.6080808080808081 0.34625 0.6101010101010101 0.3425 0.6222222222222222 0.3375 0.6222222222222222 0.3375 0.6181818181818182 0.34125 0.6222222222222222 0.34375 0.6202020202020202 0.3425 0.604040404040404 0.345 0.6 0.345 0.593939393939394 0.34125 0.5878787878787879 0.3375 0.593939393939394 0.3375 0.597979797979798 0.33375 0.597979797979798 0.33125 0.5838383838383838 0.335 0.5797979797979798 0.3325 0.5777777777777777 0.33125 0.5696969696969697 0.3275 0.5757575757575758 0.325 0.5656565656565656 0.3275 0.5616161616161616 0.32625 0.5575757575757576 0.335 0.5434343434343434 0.34125 0.5434343434343434 0.34625 0.5494949494949495 0.3475 0.5474747474747474 0.34625 0.5353535353535354 0.3575 0.5212121212121212
0 0.73875 0.9313131313131313 0.745 0.9515151515151515 0.73 0.9515151515151515 0.73 0.9373737373737374 0.73375 0.9313131313131313 0.7375 0.9313131313131313
0 0.3475 0.7515151515151515 0.3575 0.7656565656565657 0.36 0.7737373737373737 0.35875 0.7818181818181819 0.34375 0.7818181818181819 0.3425 0.7575757575757576 0.34625 0.7515151515151515
0 0.405 0.25252525252525254 0.41125 0.26262626262626265 0.41125 0.2767676767676768 0.41 0.29494949494949496 0.405 0.298989898989899 0.40375 0.30707070707070705 0.39875 0.298989898989899 0.4 0.2767676767676768 0.3975 0.27070707070707073 0.4 0.25252525252525254 0.40125 0.2505050505050505 0.40375 0.25252525252525254