0 0.44625 0.7434343434343434 0.4525 0.7656565656565657 0.4525 0.7737373737373737 0.44875 0.7838383838383839 0.44875 0.8141414141414142 0.44125 0.802020202020202 0.435 0.8 0.43375 0.795959595959596 0.435 0.7919191919191919 0.43375 0.7676767676767676 0.435 0.7575757575757576 0.4375 0.7535353535353535 0.4375 0.7454545454545455 0.445 0.7434343434343434
0 0.23 0.5656565656565656 0.2375 0.5878787878787879 0.235 0.5959595959595959 0.235 0.6121212121212121 0.2375 0.6181818181818182 0.23625 0.6222222222222222 0.23875 0.6363636363636364 0.2375 0.6424242424242425 0.2325 0.6424242424242425 0.23 0.6101010101010101 0.22375 0.6 0.225 0.5717171717171717 0.22875 0.5656565656565656
0 0.2475 0.4626262626262626 0.25625 0.4686868686868687 0.26125 0.48484848484848486 0.26125 0.49292929292929294 0.25375 0.49696969696969695 0.25 0.494949494949495 0.245 0.4808080808080808 0.2475 0.46464646464646464
0 0.19875 0.7515151515151515 0.1925 0.7373737373737373 0.19125 0.7313131313131314 0.1925 0.7191919191919192 0.1875 0.7090909090909091 0.18625 0.701010101010101 0.185 0.6848484848484848 0.1875 0.6707070707070707 0.19 0.6666666666666666 0.195 0.6686868686868687 0.195 0.6767676767676768 0.2 0.692929292929293 0.20375 0.7191919191919192 0.2025 0.7212121212121212 0.20375 0.7454545454545455 0.2025 0.7494949494949495 0.2 0.7494949494949495
0 0.44875 0.3434343434343434 0.45375 0.3616161616161616 0.45375 0.3696969696969697 0.45125 0.3717171717171717 0.44375 0.3696969696969697 0.44375 0.3575757575757576 0.4475 0.34545454545454546
0 0.44125 0.6121212121212121 0.4425 0.6202020202020202 0.44625 0.6262626262626263 0.4475 0.6444444444444445 0.4475 0.6505050505050505 0.445 0.6565656565656566 0.445 0.6727272727272727 0.44875 0.6808080808080809 0.445 0.6888888888888889 0.435 0.6828282828282828 0.43625 0.6727272727272727 0.435 0.6666666666666666 0.4375 0.6545454545454545 0.43625 0.6202020202020202 0.4375 0.6141414141414141 0.44 0.6121212121212121
0 0.15 0.3414141414141414 0.155 0.3575757575757576 0.1525 0.36363636363636365 0.14875 0.3656565656565657 0.14 0.3656565656565657 0.13625 0.3616161616161616 0.135 0.35555555555555557 0.13625 0.3434343434343434 0.13875 0.3393939393939394 0.14875 0.3414141414141414
0 0.1475 0.5333333333333333 0.015 0.048484848484848485
0 0.3825 0.5292929292929293 0.3875 0.5454545454545454 0.38625 0.5777777777777777 0.38375 0.5797979797979798 0.38 0.5777777777777777 0.37625 0.5656565656565656 0.3775 0.5353535353535354 0.37875 0.5313131313131313 0.38125 0.5313131313131313
0 0.444375 0.25555555555555554 0.01375 0.030303030303030304
0 0.14 0.5212121212121212 0.14 0.5313131313131313 0.14375 0.5414141414141415 0.14375 0.5474747474747474 0.14 0.5434343434343434 0.13625 0.5494949494949495 0.1375 0.5515151515151515 0.13625 0.5555555555555556 0.13875 0.5595959595959596 0.13375 0.5838383838383838 0.13 0.5737373737373738 0.12875 0.5575757575757576 0.12375 0.5515151515151515 0.12625 0.5494949494949495 0.125 0.5212121212121212 0.1275 0.5171717171717172 0.13375 0.5171717171717172 0.13875 0.5212121212121212
0 0.21625 0.3434343434343434 0.22 0.36363636363636365 0.21375 0.3696969696969697 0.20625 0.3717171717171717 0.205 0.36767676767676766 0.20625 0.35555555555555557 0.215 0.34545454545454546
0 0.39 0.5898989898989899 0.39375 0.591919191919192 0.3975 0.602020202020202 0.39625 0.6505050505050505 0.39 0.6626262626262627 0.3875 0.6606060606060606 0.385 0.6545454545454545 0.38625 0.6383838383838384 0.3825 0.6181818181818182 0.3825 0.6060606060606061 0.38375 0.6 0.39 0.591919191919192
0 0.185 0.3656565656565657 0.185 0.3696969696969697 0.19 0.3797979797979798 0.1825 0.39191919191919194 0.1775 0.3878787878787879 0.1775 0.37373737373737376 0.18125 0.36363636363636365 0.18375 0.3656565656565657
0 0.31625 0.6222222222222222 0.3175 0.6181818181818182 0.31375 0.6080808080808081 0.31625 0.5898989898989899 0.31375 0.5838383838383838 0.3125 0.5535353535353535 0.3175 0.5434343434343434 0.32625 0.5393939393939394 0.32875 0.5535353535353535 0.32625 0.5676767676767677 0.32875 0.591919191919192 0.3275 0.6161616161616161 0.3175 0.6242424242424243
0 0.28125 0.42424242424242425 0.2825 0.42424242424242425 0.28125 0.4262626262626263 0.2825 0.43434343434343436 0.29 0.44646464646464645 0.285 0.4484848484848485 0.285 0.45656565656565656 0.27625 0.4767676767676768 0.2725 0.47474747474747475 0.2725 0.4505050505050505 0.27 0.4383838383838384 0.2725 0.42828282828282827 0.28 0.4262626262626263
0 0.125 0.5212121212121212 0.12875 0.5494949494949495 0.13125 0.5515151515151515 0.1325 0.5434343434343434 0.13 0.5696969696969697 0.1325 0.5777777777777777 0.13125 0.5838383838383838 0.13375 0.5878787878787879 0.1225 0.5959595959595959 0.12 0.5818181818181818 0.12 0.5656565656565656 0.11625 0.5515151515151515 0.11625 0.5313131313131313 0.11875 0.5191919191919192 0.12375 0.5212121212121212
0 0.28625 0.5848484848484848 0.0175 0.0707070707070707
0 0.29625 0.2868686868686869 0.3 0.2909090909090909 0.30375 0.30303030303030304 0.30375 0.3191919191919192 0.29875 0.32525252525252524 0.295 0.3212121212121212 0.29375 0.31313131313131315 0.295 0.28888888888888886
0 0.34875 0.5858585858585859 0.35875 0.6141414141414141 0.35625 0.6525252525252525 0.35 0.6505050505050505 0.3475 0.6343434343434343 0.34375 0.6242424242424243 0.3425 0.5878787878787879 0.3475 0.5858585858585859
0 0.1925 0.5737373737373738 0.19875 0.5737373737373738 0.20625 0.5818181818181818 0.2075 0.5898989898989899 0.20625 0.6141414141414141 0.2025 0.6202020202020202 0.1975 0.6202020202020202 0.19375 0.6242424242424243 0.18875 0.6444444444444445 0.1875 0.6363636363636364 0.1925 0.6141414141414141 0.1925 0.6080808080808081 0.18875 0.604040404040404 0.18875 0.6 0.1925 0.5898989898989899 0.1925 0.5757575757575758
0 0.44875 0.6363636363636364 0.44875 0.6404040404040404 0.4525 0.6424242424242425 0.45625 0.6505050505050505 0.45625 0.6686868686868687 0.46 0.6707070707070707 0.46 0.6767676767676768 0.45625 0.6707070707070707 0.45375 0.6787878787878788 0.45 0.6828282828282828 0.44625 0.6808080808080809 0.44375 0.6646464646464646 0.445 0.6505050505050505 0.4425 0.6444444444444445 0.4475 0.6383838383838384
0 0.7075 0.8787878787878788 0.71375 0.896969696969697 0.715 0.9111111111111111 0.7125 0.9272727272727272 0.705 0.9333333333333333 0.69875 0.9333333333333333 0.695 0.9292929292929293 0.6925 0.907070707070707 0.7 0.8828282828282829 0.7025 0.8787878787878788 0.70625 0.8787878787878788
0 0.31375 0.3939393939393939 0.3175 0.4 0.32 0.397979797979798 0.32375 0.41818181818181815 0.32375 0.42424242424242425 0.32 0.4303030303030303 0.3175 0.4404040404040404 0.315 0.4404040404040404 0.3125 0.43434343434343436 0.3125 0.42828282828282827 0.31 0.42424242424242425 0.31 0.4101010101010101 0.3075 0.40404040404040403 0.3125 0.3939393939393939
0 0.4975 0.6848484848484848 0.50125 0.6868686868686869 0.505 0.696969696969697 0.505 0.7191919191919192 0.51125 0.7353535353535353 0.51125 0.7414141414141414 0.50875 0.7474747474747475 0.50375 0.7494949494949495 0.49375 0.7414141414141414 0.4925 0.7272727272727273 0.4875 0.7151515151515152 0.48625 0.701010101010101 0.48875 0.6909090909090909 0.49125 0.6868686868686869 0.49625 0.6868686868686869
0 0.19875 0.3575757575757576 0.20125 0.3717171717171717 0.2 0.37575757575757573 0.1925 0.38181818181818183 0.19125 0.3616161616161616 0.195 0.35555555555555557 0.1975 0.3575757575757576
0 0.68125 0.8808080808080808 0.69125 0.901010101010101 0.69125 0.9111111111111111 0.68875 0.9171717171717172 0.6825 0.9050505050505051 0.6775 0.9050505050505051 0.67375 0.9131313131313131 0.665 0.9111111111111111 0.66875 0.8929292929292929 0.67625 0.8808080808080808 0.68 0.8808080808080808
0 0.33375 0.501010101010101 0.33625 0.498989898989899 0.34 0.501010101010101 0.33875 0.5535353535353535 0.33125 0.5555555555555556 0.3325 0.5414141414141415 0.32375 0.5252525252525253 0.32375 0.5131313131313131 0.3275 0.5171717171717172 0.33375 0.503030303030303
0 0.1325 0.6181818181818182 0.1375 0.6222222222222222 0.1375 0.6262626262626263 0.15 0.6484848484848484 0.1525 0.6848484848484848 0.15125 0.694949494949495 0.1425 0.696969696969697 0.14 0.692929292929293 0.13875 0.6747474747474748 0.1325 0.6424242424242425 0.13375 0.6363636363636364 0.1325 0.6202020202020202
0 0.27875 0.47474747474747475 0.28625 0.46464646464646464 0.28875 0.4666666666666667 0.28875 0.4727272727272727 0.2925 0.4767676767676768 0.29 0.5050505050505051 0.29375 0.5151515151515151 0.29375 0.5232323232323233 0.28625 0.5252525252525253 0.27375 0.5111111111111111 0.2725 0.501010101010101 0.27875 0.4767676767676768
0 0.21125 0.503030303030303 0.2125 0.5171717171717172 0.21125 0.5373737373737374 0.20625 0.5494949494949495 0.20375 0.5454545454545454 0.20375 0.5272727272727272 0.1975 0.5151515151515151 0.1975 0.509090909090909 0.2025 0.49696969696969695 0.20625 0.49696969696969695 0.21 0.503030303030303
0 0.33875 0.5696969696969697 0.34125 0.5777777777777777 0.3425 0.6060606060606061 0.34125 0.6242424242424243 0.3325 0.6242424242424243 0.32875 0.6121212121212121 0.33 0.602020202020202 0.3275 0.5878787878787879 0.3275 0.5656565656565656 0.33 0.5616161616161616 0.33375 0.5616161616161616 0.3375 0.5696969696969697
0 0.14125 0.4868686868686869 0.14625 0.503030303030303 0.14125 0.509090909090909 0.13875 0.5171717171717172 0.13375 0.5151515151515151 0.1325 0.49292929292929294 0.13625 0.4868686868686869 0.14 0.4868686868686869
0 0.80875 0.9090909090909091 0.81375 0.9090909090909091 0.81875 0.9252525252525252 0.81875 0.9515151515151515 0.8025 0.9515151515151515 0.80375 0.9373737373737374 0.79875 0.9212121212121213 0.805 0.9191919191919192 0.80875 0.9111111111111111
0 0.1975 0.7595959595959596 0.205 0.7616161616161616 0.2075 0.7818181818181819 0.20625 0.7858585858585858 0.19625 0.7838383838383839 0.1975 0.7616161616161616
0 0.15875 0.45252525252525255 0.0125 0.08484848484848485
0 0.14375 0.5555555555555556 0.1475 0.5595959595959596 0.14875 0.5696969696969697 0.15375 0.5777777777777777 0.1525 0.5898989898989899 0.14625 0.6080808080808081 0.14375 0.6121212121212121 0.14 0.6121212121212121 0.13625 0.593939393939394 0.13625 0.5818181818181818 0.14 0.5616161616161616 0.1425 0.5575757575757576
0 0.46875 0.8444444444444444 0.47125 0.8484848484848485 0.47125 0.8626262626262626 0.4825 0.8929292929292929 0.4775 0.9515151515151515 0.465 0.9494949494949495 0.4625 0.9414141414141414 0.4625 0.9111111111111111 0.45875 0.9050505050505051 0.45375 0.8868686868686869 0.455 0.8767676767676768 0.46375 0.8626262626262626 0.46375 0.8505050505050505 0.4675 0.8444444444444444
0 0.475 0.7858585858585858 0.48625 0.7878787878787878 0.48875 0.8 0.50125 0.8242424242424242 0.50125 0.8303030303030303 0.49625 0.8444444444444444 0.4975 0.8525252525252526 0.495 0.8545454545454545 0.48875 0.8525252525252526 0.485 0.8444444444444444 0.48375 0.8343434343434344 0.47375 0.8222222222222222 0.475 0.7878787878787878
0 0.29625 0.40606060606060607 0.29875 0.4080808080808081 0.3 0.4222222222222222 0.305 0.4383838383838384 0.31 0.4444444444444444 0.31 0.4484848484848485 0.3025 0.4484848484848485 0.29625 0.45454545454545453 0.29625 0.4444444444444444 0.29125 0.43232323232323233 0.29125 0.42424242424242425 0.28625 0.4161616161616162 0.29 0.4101010101010101 0.295 0.4080808080808081
0 0.3275 0.37777777777777777 0.33125 0.3838383838383838 0.3325 0.39595959595959596 0.33375 0.4121212121212121 0.3325 0.43232323232323233 0.33 0.43636363636363634 0.325 0.4383838383838384 0.3225 0.43636363636363634 0.32375 0.4161616161616162 0.32125 0.39191919191919194 0.32625 0.3797979797979798
0 0.23 0.6707070707070707 0.23625 0.6848484848484848 0.23375 0.703030303030303 0.23625 0.7171717171717171 0.2375 0.7454545454545455 0.24 0.7595959595959596 0.24375 0.7636363636363637 0.24375 0.7676767676767676 0.23125 0.7656565656565657 0.22625 0.7535353535353535 0.22125 0.692929292929293 0.22625 0.6727272727272727 0.22875 0.6707070707070707
0 0.39 0.5696969696969697 0.39375 0.5737373737373738 0.39625 0.591919191919192 0.39 0.591919191919192 0.38375 0.6 0.38125 0.5878787878787879 0.3825 0.5757575757575758 0.38875 0.5696969696969697
0 0.18125 0.5454545454545454 0.17625 0.5191919191919192 0.17625 0.498989898989899 0.17875 0.4888888888888889 0.1825 0.4888888888888889 0.18625 0.49696969696969695 0.18625 0.5434343434343434 0.1825 0.5454545454545454
0 0.3 0.6363636363636364 0.29625 0.6101010101010101 0.29625 0.5898989898989899 0.29875 0.5797979797979798 0.3025 0.5757575757575758 0.30625 0.5757575757575758 0.31 0.5858585858585859 0.31875 0.6404040404040404 0.315 0.6424242424242425 0.31375 0.6363636363636364 0.31 0.6424242424242425 0.30625 0.6363636363636364 0.30125 0.6363636363636364
0 0.375 0.3373737373737374 0.37625 0.3090909090909091 0.38 0.30303030303030304 0.38375 0.30303030303030304 0.38625 0.30707070707070705 0.385 0.3393939393939394 0.38375 0.3414141414141414 0.37625 0.3414141414141414 0.37625 0.3393939393939394
0 0.24625 0.6202020202020202 0.02 0.08080808080808081
0 0.68125 0.9282828282828283 0.03 0.050505050505050504
0 0.1575 0.602020202020202 0.16375 0.6242424242424243 0.165 0.6464646464646465 0.16375 0.6505050505050505 0.1575 0.6525252525252525 0.1575 0.6747474747474748 0.155 0.6767676767676768 0.1525 0.6767676767676768 0.15 0.6525252525252525 0.1475 0.6424242424242425 0.14 0.6303030303030303 0.13875 0.6181818181818182 0.15125 0.602020202020202 0.15375 0.6 0.15625 0.602020202020202
0 0.45875 0.22626262626262628 0.4625 0.23636363636363636 0.4625 0.25252525252525254 0.46 0.26262626262626265 0.4575 0.26464646464646463 0.455 0.26464646464646463 0.45375 0.2505050505050505 0.45 0.2404040404040404 0.4525 0.23030303030303031 0.4575 0.22626262626262628
0 0.16125 0.5414141414141415 0.16375 0.5454545454545454 0.16375 0.5555555555555556 0.16625 0.5656565656565656 0.1675 0.6101010101010101 0.17125 0.6181818181818182 0.165 0.6202020202020202 0.1625 0.6101010101010101 0.1625 0.6 0.155 0.5878787878787879 0.15625 0.5797979797979798 0.15375 0.5737373737373738 0.15375 0.5616161616161616 0.15625 0.5575757575757576 0.15625 0.5454545454545454 0.16 0.5434343434343434
0 0.22375 0.597979797979798 0.23 0.6 0.23125 0.6080808080808081 0.23125 0.6303030303030303 0.22875 0.6404040404040404 0.2275 0.6606060606060606 0.22125 0.6606060606060606 0.2175 0.6363636363636364 0.21875 0.602020202020202 0.2225 0.6
0 0.4225 0.5656565656565656 0.4275 0.5676767676767677 0.43125 0.593939393939394 0.43 0.6060606060606061 0.42375 0.6080808080808081 0.41875 0.6060606060606061 0.42 0.5777777777777777 0.4225 0.5676767676767677
0 0.12625 0.5292929292929293 0.1275 0.5191919191919192 0.1325 0.5171717171717172 0.135 0.5212121212121212 0.14 0.5212121212121212 0.14125 0.5333333333333333 0.145 0.5393939393939394 0.14625 0.5575757575757576 0.14375 0.5575757575757576 0.1375 0.5656565656565656 0.13625 0.5858585858585859 0.1325 0.5777777777777777 0.13375 0.5393939393939394 0.1275 0.5292929292929293
0 0.5425 0.6525252525252525 0.54625 0.6565656565656566 0.55125 0.6707070707070707 0.5525 0.7070707070707071 0.5475 0.7333333333333333 0.54 0.7373737373737373 0.5375 0.7232323232323232 0.5375 0.6868686868686869 0.535 0.6808080808080809 0.535 0.6707070707070707 0.54125 0.6545454545454545
0 0.37125 0.5191919191919192 0.37625 0.5191919191919192 0.37625 0.5636363636363636 0.3725 0.5838383838383838 0.37 0.5878787878787879 0.36875 0.5878787878787879 0.36625 0.5515151515151515 0.3675 0.5353535353535354 0.37125 0.5212121212121212
0 0.345 0.7353535353535353 0.34875 0.7515151515151515 0.3475 0.7575757575757576 0.34875 0.7818181818181819 0.345 0.7838383838383839 0.32375 0.7818181818181819 0.32375 0.7535353535353535 0.32875 0.7515151515151515 0.33375 0.7393939393939394 0.34125 0.7333333333333333 0.34375 0.7353535353535353
0 0.445 0.24242424242424243 0.45 0.2505050505050505 0.44875 0.2787878787878788 0.445 0.2828282828282828 0.44125 0.2787878787878788 0.4425 0.27474747474747474 0.44125 0.24444444444444444 0.44375 0.24242424242424243
0 0.28625 0.4121212121212121 0.295 0.4404040404040404 0.29625 0.45656565656565656 0.28875 0.45454545454545453 0.28625 0.45656565656565656 0.2825 0.4484848484848485 0.28 0.4303030303030303 0.2825 0.4161616161616162 0.285 0.41414141414141414
0 0.33625 0.36363636363636365 0.34 0.37575757575757573 0.33875 0.4101010101010101 0.33625 0.41414141414141414 0.33375 0.41414141414141414 0.33375 0.40404040404040403 0.33125 0.3939393939393939 0.33125 0.3696969696969697 0.335 0.36363636363636365
0 0.425 0.7818181818181819 0.42125 0.7696969696969697 0.42125 0.7515151515151515 0.42375 0.7434343434343434 0.43125 0.7353535353535353 0.435 0.7353535353535353 0.43875 0.7414141414141414 0.43375 0.7656565656565657 0.43375 0.7878787878787878 0.43625 0.795959595959596 0.435 0.797979797979798 0.43375 0.7878787878787878 0.42625 0.7818181818181819
0 0.345 0.503030303030303 0.35 0.5272727272727272 0.35 0.5515151515151515 0.3475 0.5555555555555556 0.3425 0.5515151515151515 0.3375 0.5252525252525253 0.34 0.509090909090909 0.34375 0.503030303030303
0 0.365 0.6606060606060606 0.3775 0.6808080808080809 0.37125 0.694949494949495 0.37 0.703030303030303 0.36625 0.7070707070707071 0.35375 0.6868686868686869 0.35625 0.6626262626262627 0.35875 0.6585858585858586 0.36375 0.6606060606060606
0 0.20625 0.6141414141414141 0.21375 0.6242424242424243 0.21625 0.6363636363636364 0.2125 0.6525252525252525 0.2125 0.6787878787878788 0.20625 0.6707070707070707 0.19875 0.6666666666666666 0.1975 0.6363636363636364 0.20125 0.6222222222222222 0.205 0.6161616161616161
0 0.27625 0.4909090909090909 0.2775 0.4767676767676768 0.28625 0.46060606060606063 0.29 0.46060606060606063 0.295 0.4808080808080808 0.29 0.498989898989899 0.29 0.509090909090909 0.29375 0.5212121212121212 0.2875 0.5212121212121212 0.28625 0.501010101010101 0.2825 0.49292929292929294 0.27875 0.4888888888888889 0.2775 0.4909090909090909
0 0.18125 0.6585858585858586 0.185 0.6646464646464646 0.185 0.692929292929293 0.19 0.7151515151515152 0.19 0.7272727272727273 0.1875 0.7373737373737373 0.185 0.7373737373737373 0.18125 0.7292929292929293 0.18125 0.7171717171717171 0.17375 0.6828282828282828 0.17625 0.6626262626262627 0.18 0.6585858585858586
0 0.185 0.7696969696969697 0.0175 0.03636363636363636
0 0.40875 0.6404040404040404 0.0175 0.08080808080808081
0 0.19875 0.3151515151515151 0.20375 0.3333333333333333 0.20375 0.3474747474747475 0.19375 0.34949494949494947 0.19125 0.3434343434343434 0.1925 0.32323232323232326 0.1975 0.31717171717171716
0 0.415 0.6060606060606061 0.425 0.6080808080808081 0.43 0.6141414141414141 0.43 0.6181818181818182 0.4225 0.6323232323232323 0.42375 0.6646464646464646 0.42875 0.6808080808080809 0.425 0.6808080808080809 0.42 0.6707070707070707 0.4175 0.6707070707070707 0.415 0.6626262626262627 0.41625 0.6383838383838384 0.41375 0.6262626262626263 0.41375 0.6121212121212121 0.41625 0.6080808080808081
0 0.44375 0.9393939393939394 0.45125 0.9515151515151515 0.43875 0.9515151515151515 0.43875 0.9434343434343434 0.4425 0.9393939393939394
0 0.43125 0.6202020202020202 0.4375 0.6282828282828283 0.43875 0.6383838383838384 0.43875 0.6525252525252525 0.43625 0.6666666666666666 0.4375 0.6828282828282828 0.42875 0.6868686868686869 0.42625 0.6808080808080809 0.4225 0.6363636363636364 0.42375 0.6303030303030303 0.43 0.6222222222222222
0 0.59 0.896969696969697 0.5925 0.9030303030303031 0.5925 0.9151515151515152 0.595 0.9171717171717172 0.59625 0.9252525252525252 0.595 0.9515151515151515 0.57625 0.9515151515151515 0.58125 0.9030303030303031 0.585 0.896969696969697 0.58875 0.896969696969697
0 0.2025 0.6686868686868687 0.2075 0.6727272727272727 0.21375 0.6848484848484848 0.2175 0.7535353535353535 0.21 0.7535353535353535 0.20625 0.7474747474747475 0.2025 0.703030303030303 0.19875 0.6888888888888889 0.19875 0.6787878787878788 0.20125 0.6707070707070707
0 0.17625 0.4666666666666667 0.1825 0.4666666666666667 0.1925 0.49292929292929294 0.1925 0.501010101010101 0.18875 0.5070707070707071 0.185 0.494949494949495 0.1775 0.4868686868686869 0.17625 0.4686868686868687
0 0.36875 0.593939393939394 0.3725 0.6121212121212121 0.3725 0.6303030303030303 0.37 0.6484848484848484 0.36625 0.6484848484848484 0.36 0.6383838383838384 0.35875 0.6323232323232323 0.35875 0.6060606060606061 0.3625 0.593939393939394 0.365 0.591919191919192 0.3675 0.593939393939394
0 0.31375 0.3939393939393939 0.315 0.40606060606060607 0.3125 0.41414141414141414 0.3125 0.4222222222222222 0.31625 0.4303030303030303 0.31625 0.4404040404040404 0.31 0.44646464646464645 0.30125 0.4303030303030303 0.29875 0.4080808080808081 0.3125 0.3939393939393939
0 0.4675 0.7737373737373737 0.475 0.7757575757575758 0.47625 0.7878787878787878 0.475 0.8202020202020202 0.48 0.8303030303030303 0.485 0.8323232323232324 0.48375 0.8363636363636363 0.48125 0.8303030303030303 0.47375 0.8282828282828283 0.47 0.8363636363636363 0.4675 0.8343434343434344 0.46625 0.8202020202020202 0.46125 0.8080808080808081 0.46125 0.797979797979798 0.4675 0.7757575757575758
0 0.46375 0.6848484848484848 0.47 0.696969696969697 0.47 0.7474747474747475 0.4675 0.7474747474747475 0.46375 0.7414141414141414 0.46 0.7474747474747475 0.455 0.7474747474747475 0.45375 0.7393939393939394 0.4525 0.7232323232323232 0.45375 0.7171717171717171 0.44875 0.694949494949495 0.44875 0.6828282828282828 0.455 0.6747474747474748 0.45875 0.6747474747474748 0.4625 0.6848484848484848
0 0.4275 0.3696969696969697 0.42375 0.3616161616161616 0.425 0.3393939393939394 0.4275 0.33535353535353535 0.43125 0.3414141414141414 0.4325 0.3575757575757576 0.43625 0.36767676767676766 0.435 0.3717171717171717 0.42875 0.3696969696969697
0 0.58125 0.8808080808080808 0.58375 0.8868686868686869 0.58375 0.896969696969697 0.57875 0.9151515151515152 0.57875 0.9333333333333333 0.57625 0.9515151515151515 0.565 0.9515151515151515 0.56625 0.9353535353535354 0.565 0.9050505050505051 0.5675 0.8929292929292929 0.57625 0.8808080808080808 0.58 0.8808080808080808
0 0.56625 0.7535353535353535 0.56875 0.7676767676767676 0.5675 0.804040404040404 0.5625 0.804040404040404 0.5575 0.795959595959596 0.55625 0.7858585858585858 0.55875 0.7676767676767676 0.5575 0.7575757575757576 0.56125 0.7535353535353535 0.565 0.7535353535353535
0 0.47625 0.6565656565656566 0.4875 0.6808080808080809 0.4875 0.692929292929293 0.48375 0.696969696969697 0.47875 0.692929292929293 0.46875 0.692929292929293 0.46625 0.6868686868686869 0.46875 0.6787878787878788 0.46875 0.6606060606060606 0.47125 0.6565656565656566 0.475 0.6565656565656566
0 0.49125 0.8686868686868687 0.49375 0.8666666666666667 0.4975 0.8686868686868687 0.49875 0.8767676767676768 0.50625 0.8929292929292929 0.51 0.9171717171717172 0.5025 0.9353535353535354 0.5025 0.9434343434343434 0.5 0.9515151515151515 0.4875 0.9515151515151515 0.48375 0.9474747474747475 0.4825 0.9434343434343434 0.48375 0.8949494949494949 0.49125 0.8707070707070707
0 0.3275 0.3717171717171717 0.32875 0.3898989898989899 0.3225 0.40404040404040403 0.325 0.4303030303030303 0.32125 0.4383838383838384 0.3175 0.42828282828282827 0.32 0.4161616161616162 0.31875 0.3696969696969697 0.32375 0.36767676767676766 0.32625 0.3717171717171717
0 0.435 0.2606060606060606 0.4375 0.24848484848484848 0.4425 0.24444444444444444 0.44125 0.2505050505050505 0.4425 0.26666666666666666 0.43875 0.27070707070707073 0.43625 0.26262626262626265
0 0.27 0.43636363636363634 0.27375 0.45656565656565656 0.27375 0.4707070707070707 0.27125 0.4808080808080808 0.2625 0.4808080808080808 0.25625 0.4666666666666667 0.2575 0.4585858585858586 0.25625 0.44646464646464645 0.26125 0.43636363636363634 0.26375 0.43434343434343436 0.26875 0.43636363636363634
0 0.36125 0.6585858585858586 0.36625 0.6646464646464646 0.365 0.6767676767676768 0.36875 0.6909090909090909 0.36875 0.696969696969697 0.36625 0.703030303030303 0.3625 0.703030303030303 0.35375 0.6909090909090909 0.3525 0.6848484848484848 0.355 0.6606060606060606 0.36 0.6585858585858586
0 0.37 0.301010101010101 0.3725 0.30707070707070705 0.3725 0.3212121212121212 0.37125 0.3434343434343434 0.36875 0.3474747474747475 0.365 0.34545454545454546 0.36375 0.3151515151515151 0.36625 0.30303030303030304 0.36875 0.301010101010101