1773515469544 1.22751 0
1773515469579 0.0 1
1773515469610 0.0 2
1773515469644 0.0 3
1773515469677 0.0 4
1773515469717 0.0 5
1773515469758 0.0 6
1773515469799 0.0 7
1773515469850 0.0 8
1773515469901 0.0 9
1773515469935 0.0 10
1773515469970 0.0 11
1773515470011 0.0 12
1773515470048 0.0 13
1773515470086 0.0 14
1773515470145 0.0 15
1773515470191 0.0 16
1773515470239 0.0 17
1773515470281 0.0 18
1773515470313 0.0 19
1773515470345 0.0 20
1773515470380 0.0 21
1773515470426 0.0 22
1773515470446 0.0 23
1773515470477 0.0 24
1773515470528 0.0 25
1773515470570 0.0 26
1773515470612 0.0 27
1773515470658 0.0 28
1773515470715 0.0 29
1773515470763 0.0 30
1773515470813 0.0 31
1773515470880 0.0 32
1773515470913 0.0 33
1773515470947 0.0 34
1773515470981 0.0 35
1773515471037 0.0 36
1773515471064 0.0 37
1773515471097 0.0 38
1773515471147 0.0 39
1773515471180 0.0 40
1773515471213 0.0 41
1773515471247 0.0 42
1773515471280 0.0 43
1773515471314 0.0 44
1773515471363 0.0 45
1773515471412 0.0 46
1773515471454 0.0 47
1773515471480 0.0 48
1773515471513 0.0 49
1773515471547 0.0 50
1773515471580 0.0 51
1773515471614 0.0 52
1773515471647 0.0 53
1773515471680 0.0 54
1773515471714 0.0 55
1773515471747 0.0 56
1773515471764 0.0 57
1773515471798 0.0 58
1773515471845 0.0 59
1773515471881 0.0 60
1773515471913 0.0 61
1773515471948 0.0 62
1773515471980 0.0 63
1773515472014 0.0 64
1773515472030 0.0 65
1773515472064 0.0 66
1773515472097 0.0 67
1773515472114 0.0 68
1773515472147 0.0 69
1773515472196 0.0 70
1773515472232 0.0 71
1773515472264 0.0 72
1773515472297 0.0 73
1773515472347 0.0 74
1773515472380 0.0 75
1773515472413 0.0 76
1773515472430 0.0 77
1773515472463 0.0 78
1773515472497 0.0 79
1773515472530 0.0 80
1773515472563 0.0 81
1773515472597 0.0 82
1773515472642 0.0 83
1773515472664 0.0 84
1773515472697 0.0 85
1773515472747 0.0 86
1773515472780 0.0 87
1773515472814 0.0 88
1773515472846 0.0 89
1773515472880 0.0 90
1773515472914 0.0 91
1773515472947 0.0 92
1773515472997 0.0 93
1773515473047 0.0 94
1773515473081 0.0 95
1773515473114 0.0 96
1773515473147 0.0 97
1773515473181 0.0 98
1773515473214 0.0 99
