1773515469555 1.50991 0
1773515469588 0.0 1
1773515469621 0.0 2
1773515469654 0.0 3
1773515469691 0.0 4
1773515469728 0.0 5
1773515469765 0.0 6
1773515469815 0.0 7
1773515469868 0.0 8
1773515469911 0.0 9
1773515469945 0.0 10
1773515469981 0.0 11
1773515470026 0.0 12
1773515470057 0.0 13
1773515470100 0.0 14
1773515470159 0.0 15
1773515470204 0.0 16
1773515470253 0.0 17
1773515470297 0.0 18
1773515470330 0.0 19
1773515470363 0.0 20
1773515470395 0.0 21
1773515470430 0.0 22
1773515470462 0.0 23
1773515470493 0.0 24
1773515470540 0.0 25
1773515470581 0.0 26
1773515470622 0.0 27
1773515470676 0.0 28
1773515470730 0.0 29
1773515470780 0.0 30
1773515470830 0.0 31
1773515470897 0.0 32
1773515470930 0.0 33
1773515470970 0.0 34
1773515470997 0.0 35
1773515471046 0.0 36
1773515471080 0.0 37
1773515471114 0.0 38
1773515471147 0.0 39
1773515471180 0.0 40
1773515471213 0.0 41
1773515471247 0.0 42
1773515471297 0.0 43
1773515471330 0.0 44
1773515471363 0.0 45
1773515471425 0.0 46
1773515471463 0.0 47
1773515471497 0.0 48
1773515471530 0.0 49
1773515471563 0.0 50
1773515471598 0.0 51
1773515471630 0.0 52
1773515471664 0.0 53
1773515471680 0.0 54
1773515471714 0.0 55
1773515471747 0.0 56
1773515471785 0.0 57
1773515471821 0.0 58
1773515471848 0.0 59
1773515471881 0.0 60
1773515471914 0.0 61
1773515471948 0.0 62
1773515471980 0.0 63
1773515472014 0.0 64
1773515472047 0.0 65
1773515472064 0.0 66
1773515472097 0.0 67
1773515472131 0.0 68
1773515472164 0.0 69
1773515472198 0.0 70
1773515472244 0.0 71
1773515472264 0.0 72
1773515472314 0.0 73
1773515472347 0.0 74
1773515472389 0.0 75
1773515472413 0.0 76
1773515472447 0.0 77
1773515472480 0.0 78
1773515472513 0.0 79
1773515472547 0.0 80
1773515472563 0.0 81
1773515472616 0.0 82
1773515472647 0.0 83
1773515472680 0.0 84
1773515472714 0.0 85
1773515472747 0.0 86
1773515472796 0.0 87
1773515472814 0.0 88
1773515472847 0.0 89
1773515472896 0.0 90
1773515472930 0.0 91
1773515472964 0.0 92
1773515473018 0.0 93
1773515473047 0.0 94
1773515473081 0.0 95
1773515473114 0.0 96
1773515473164 0.0 97
1773515473198 0.0 98
1773515473230 0.0 99
