1773515469515 0.0 0
1773515469560 0.0 1
1773515469592 0.0 2
1773515469625 0.0 3
1773515469659 0.0 4
1773515469696 0.0 5
1773515469735 0.0 6
1773515469774 0.0 7
1773515469824 0.0 8
1773515469876 0.0 9
1773515469916 0.0 10
1773515469951 0.0 11
1773515469988 0.0 12
1773515470030 0.0 13
1773515470062 0.0 14
1773515470107 0.0 15
1773515470166 0.0 16
1773515470210 0.0 17
1773515470260 0.0 18
1773515470297 0.0 19
1773515470330 0.0 20
1773515470363 0.0 21
1773515470395 0.0 22
1773515470430 0.0 23
1773515470462 0.0 24
1773515470493 0.0 25
1773515470541 0.0 26
1773515470586 0.0 27
1773515470628 0.0 28
1773515470685 0.0 29
1773515470732 0.0 30
1773515470780 0.0 31
1773515470846 0.0 32
1773515470897 0.0 33
1773515470930 0.0 34
1773515470975 0.0 35
1773515471016 0.0 36
1773515471048 0.0 37
1773515471080 0.0 38
1773515471114 0.0 39
1773515471147 0.0 40
1773515471180 0.0 41
1773515471213 0.0 42
1773515471268 0.0 43
1773515471297 0.0 44
1773515471330 0.0 45
1773515471385 0.0 46
1773515471431 0.0 47
1773515471465 0.0 48
1773515471497 0.0 49
1773515471530 0.0 50
1773515471563 0.0 51
1773515471603 0.0 52
1773515471630 0.0 53
1773515471664 0.0 54
1773515471697 0.0 55
1773515471730 0.0 56
1773515471747 0.0 57
1773515471789 0.0 58
1773515471825 0.0 59
1773515471848 0.0 60
1773515471881 0.0 61
1773515471914 0.0 62
1773515471964 0.0 63
1773515471997 0.0 64
1773515472014 0.0 65
1773515472047 0.0 66
1773515472082 0.0 67
1773515472097 0.0 68
1773515472131 0.0 69
1773515472164 0.0 70
1773515472198 0.0 71
1773515472249 0.0 72
1773515472280 0.0 73
1773515472314 0.0 74
1773515472347 0.0 75
1773515472393 0.0 76
1773515472413 0.0 77
1773515472447 0.0 78
1773515472480 0.0 79
1773515472513 0.0 80
1773515472547 0.0 81
1773515472584 0.0 82
1773515472621 0.0 83
1773515472647 0.0 84
1773515472680 0.0 85
1773515472714 0.0 86
1773515472764 0.0 87
1773515472797 0.0 88
1773515472814 0.0 89
1773515472864 0.0 90
1773515472897 0.0 91
1773515472930 0.0 92
1773515472964 0.0 93
1773515473025 0.0 94
1773515473064 0.0 95
1773515473097 0.0 96
1773515473131 0.0 97
1773515473164 0.0 98
1773515473198 0.0 99
