1773515469539 0.0 0
1773515469574 0.0 1
1773515469606 0.0 2
1773515469640 0.0 3
1773515469673 0.0 4
1773515469711 0.0 5
1773515469748 0.0 6
1773515469797 0.0 7
1773515469848 0.0 8
1773515469896 0.0 9
1773515469928 0.0 10
1773515469966 0.0 11
1773515470004 0.0 12
1773515470044 0.0 13
1773515470081 0.0 14
1773515470137 0.0 15
1773515470185 0.0 16
1773515470232 0.0 17
1773515470278 0.0 18
1773515470313 0.0 19
1773515470345 0.0 20
1773515470380 0.0 21
1773515470411 0.0 22
1773515470446 0.0 23
1773515470477 0.0 24
1773515470509 0.0 25
1773515470564 0.0 26
1773515470605 0.0 27
1773515470649 0.0 28
1773515470707 0.0 29
1773515470747 0.0 30
1773515470813 0.0 31
1773515470880 0.0 32
1773515470913 0.0 33
1773515470947 0.0 34
1773515470981 0.0 35
1773515471033 0.0 36
1773515471064 0.0 37
1773515471097 0.0 38
1773515471130 0.0 39
1773515471164 0.0 40
1773515471197 0.0 41
1773515471246 0.0 42
1773515471280 0.0 43
1773515471314 0.0 44
1773515471347 0.0 45
1773515471407 0.0 46
1773515471450 0.0 47
1773515471480 0.0 48
1773515471513 0.0 49
1773515471547 0.0 50
1773515471580 0.0 51
1773515471614 0.0 52
1773515471647 0.0 53
1773515471680 0.0 54
1773515471714 0.0 55
1773515471730 0.0 56
1773515471764 0.0 57
1773515471798 0.0 58
1773515471840 0.0 59
1773515471864 0.0 60
1773515471898 0.0 61
1773515471936 0.0 62
1773515471980 0.0 63
1773515471997 0.0 64
1773515472030 0.0 65
1773515472064 0.0 66
1773515472082 0.0 67
1773515472114 0.0 68
1773515472147 0.0 69
1773515472191 0.0 70
1773515472214 0.0 71
1773515472262 0.0 72
1773515472297 0.0 73
1773515472330 0.0 74
1773515472364 0.0 75
1773515472409 0.0 76
1773515472430 0.0 77
1773515472463 0.0 78
1773515472497 0.0 79
1773515472530 0.0 80
1773515472563 0.0 81
1773515472597 0.0 82
1773515472638 0.0 83
1773515472664 0.0 84
1773515472697 0.0 85
1773515472730 0.0 86
1773515472780 0.0 87
1773515472813 0.0 88
1773515472831 0.0 89
1773515472880 0.0 90
1773515472914 0.0 91
1773515472947 0.0 92
1773515472993 0.0 93
1773515473042 0.0 94
1773515473064 0.0 95
1773515473097 0.0 96
1773515473147 0.0 97
1773515473181 0.0 98
1773515473214 0.0 99
