1773510694173 3.90605 0
1773510746958 3.77119 1
1773510810463 4.04408 2
1773510894357 4.09029 3
1773510970899 4.02508 4
1773511039945 3.98894 5
1773511138632 4.07197 6
1773511222889 4.07445 7
1773511349726 4.02889 8
1773511509109 4.13871 9
1773511758284 3.9459 10
1773511871159 3.96395 11
1773511923377 4.14156 12
1773511960884 4.15891 13
1773511996780 4.03165 14
1773512031926 4.07782 15
1773512068890 4.04861 16
1773512106256 4.06907 17
1773512137839 4.02355 18
1773512175414 4.10502 19
1773512217906 3.98076 20
1773512277913 4.07677 21
1773512321816 4.14199 22
1773512371418 4.14491 23
1773512421761 4.11732 24
1773512480087 3.96159 25
1773512544438 4.11966 26
1773512606682 3.98625 27
1773512668728 4.05911 28
1773512722651 4.06147 29
1773512762851 4.10712 30
1773512802806 4.0116 31
1773512842405 3.97944 32
1773512882113 3.93974 33
1773512922315 4.16628 34
1773512962138 3.99955 35
1773513002059 4.04366 36
1773513042194 3.92996 37
1773513083791 3.92074 38
1773513124838 3.77463 39
1773513166229 3.77825 40
1773513207420 3.51864 41
1773513248082 3.47257 42
1773513288875 3.33003 43
1773513336141 3.29998 44
1773513378357 3.21501 45
1773513420984 3.29904 46
1773513459739 3.16801 47
1773513500364 3.16332 48
1773513540434 3.07271 49
1773513580299 3.14994 50
1773513620465 3.05142 51
1773513660442 2.99078 52
1773513700519 3.03496 53
1773513740614 2.86666 54
1773513780946 3.0533 55
1773513821291 2.96819 56
1773513861796 2.86179 57
1773513902361 2.89808 58
1773513942916 2.97365 59
1773513984197 2.91534 60
1773514024612 2.88353 61
1773514066382 2.77832 62
1773514108292 2.85234 63
1773514150741 2.8728 64
1773514192258 2.89629 65
1773514229164 2.80525 66
1773514270002 2.75386 67
1773514310733 2.73571 68
1773514353335 2.73859 69
1773514396321 2.64215 70
1773514439543 2.7382 71
1773514482235 2.82341 72
1773514526408 2.65165 73
1773514570361 2.56228 74
1773514615066 2.66328 75
1773514658554 2.76288 76
1773514703802 2.59105 77
1773514748567 2.65653 78
1773514793247 2.6018 79
1773514838272 2.58037 80
1773514882174 2.61315 81
1773514924718 2.52617 82
1773514968858 2.55618 83
1773515009584 2.50665 84
1773515029807 2.55512 85
1773515055322 2.59231 86
1773515098499 2.59235 87
1773515135269 2.52084 88
1773515192765 2.45749 89
1773515291699 2.78035 90
1773515333572 2.55179 91
1773515379723 2.55116 92
1773515424495 2.45374 93
1773515450813 2.37574 94
1773515475364 2.37235 95
1773515495832 2.4591 96
1773515535802 2.44141 97
1773515554838 2.314 98
1773515573907 2.37787 99
