1773510694173 1034.50354 0
1773510746958 4.90617 1
1773510810463 5.50219 2
1773510894357 12.18079 3
1773510970899 4.46951 4
1773511039945 4.15553 5
1773511138632 4.32159 6
1773511222889 3.97051 7
1773511349726 3.89189 8
1773511509109 4.17411 9
1773511758284 4.02027 10
1773511871159 3.95366 11
1773511923377 3.86555 12
1773511960884 3.86084 13
1773511996780 3.94138 14
1773512031926 3.84223 15
1773512068890 4.05857 16
1773512106256 3.84982 17
1773512137839 3.8551 18
1773512175414 3.77907 19
1773512217906 3.8109 20
1773512277913 3.84912 21
1773512321816 3.71359 22
1773512371418 3.96858 23
1773512421761 3.80287 24
1773512480087 3.74108 25
1773512544438 3.64774 26
1773512606682 3.63295 27
1773512668728 3.80915 28
1773512722651 3.49546 29
1773512762851 3.56505 30
1773512802806 3.47333 31
1773512842405 3.31629 32
1773512882113 3.28912 33
1773512922315 3.25169 34
1773512962138 3.1641 35
1773513002059 3.07122 36
1773513042194 2.98947 37
1773513083791 2.89591 38
1773513124838 2.83553 39
1773513166229 2.76754 40
1773513207420 2.69465 41
1773513248082 2.70031 42
1773513288875 2.6574 43
1773513336141 2.59917 44
1773513378357 2.55389 45
1773513420984 2.68673 46
1773513459739 2.54514 47
1773513500364 2.62425 48
1773513540434 2.60696 49
1773513580299 2.69803 50
1773513620465 2.61164 51
1773513660442 2.40756 52
1773513700519 2.64503 53
1773513740614 2.64397 54
1773513780946 2.59059 55
1773513821291 2.4487 56
1773513861796 2.43103 57
1773513902361 2.38601 58
1773513942916 2.4917 59
1773513984197 2.44123 60
1773514024612 2.44259 61
1773514066382 2.32149 62
1773514108292 2.32862 63
1773514150741 2.38821 64
1773514192258 2.30548 65
1773514229164 2.2324 66
1773514270002 2.15896 67
1773514310733 2.21155 68
1773514353335 2.47495 69
1773514396321 2.24206 70
1773514439543 2.35809 71
1773514482235 2.35638 72
1773514526408 2.10799 73
1773514570361 2.21144 74
1773514615066 2.31293 75
1773514658554 2.22022 76
1773514703802 2.11741 77
1773514748567 2.36356 78
1773514793247 2.11737 79
1773514838272 2.14209 80
1773514882174 2.08947 81
1773514924718 2.17492 82
1773514968858 2.1269 83
1773515009584 2.08693 84
1773515029807 1.99798 85
1773515055322 2.25104 86
1773515098499 2.21823 87
1773515135269 2.1226 88
1773515192765 2.09407 89
1773515291699 2.77997 90
1773515333572 2.30538 91
1773515379723 2.24003 92
1773515424495 2.22627 93
1773515450813 2.18453 94
1773515475364 2.06416 95
1773515495832 2.286 96
1773515535802 2.16299 97
1773515554838 2.04996 98
1773515573907 2.15261 99
