1773510694173 4.49215 0
1773510746958 2.81597 1
1773510810463 2.51944 2
1773510894357 2.57903 3
1773510970899 2.61902 4
1773511039945 2.56875 5
1773511138632 2.47346 6
1773511222889 2.33816 7
1773511349726 2.20474 8
1773511509109 2.30684 9
1773511758284 2.16639 10
1773511871159 2.17131 11
1773511923377 2.26505 12
1773511960884 2.1608 13
1773511996780 2.20569 14
1773512031926 2.1207 15
1773512068890 2.18848 16
1773512106256 2.13511 17
1773512137839 2.08064 18
1773512175414 2.1235 19
1773512217906 2.1405 20
1773512277913 2.20124 21
1773512321816 2.23619 22
1773512371418 2.14091 23
1773512421761 2.24425 24
1773512480087 2.15017 25
1773512544438 2.18447 26
1773512606682 2.15956 27
1773512668728 2.13822 28
1773512722651 2.17065 29
1773512762851 2.14366 30
1773512802806 2.15884 31
1773512842405 2.03897 32
1773512882113 2.10083 33
1773512922315 2.16898 34
1773512962138 2.09768 35
1773513002059 2.0873 36
1773513042194 2.04088 37
1773513083791 2.05991 38
1773513124838 1.94537 39
1773513166229 1.91903 40
1773513207420 1.87094 41
1773513248082 1.91876 42
1773513288875 1.80306 43
1773513336141 1.77716 44
1773513378357 1.72345 45
1773513420984 1.7127 46
1773513459739 1.66954 47
1773513500364 1.71848 48
1773513540434 1.67197 49
1773513580299 1.69068 50
1773513620465 1.64871 51
1773513660442 1.64299 52
1773513700519 1.62434 53
1773513740614 1.57694 54
1773513780946 1.70375 55
1773513821291 1.65994 56
1773513861796 1.53723 57
1773513902361 1.59044 58
1773513942916 1.571 59
1773513984197 1.57206 60
1773514024612 1.56504 61
1773514066382 1.48301 62
1773514108292 1.52765 63
1773514150741 1.52693 64
1773514192258 1.57197 65
1773514229164 1.53302 66
1773514270002 1.492 67
1773514310733 1.47316 68
1773514353335 1.48058 69
1773514396321 1.49042 70
1773514439543 1.55968 71
1773514482235 1.59892 72
1773514526408 1.49526 73
1773514570361 1.45183 74
1773514615066 1.49646 75
1773514658554 1.45963 76
1773514703802 1.42768 77
1773514748567 1.55479 78
1773514793247 1.52986 79
1773514838272 1.42856 80
1773514882174 1.46845 81
1773514924718 1.41047 82
1773514968858 1.44427 83
1773515009584 1.40826 84
1773515029807 1.3877 85
1773515055322 1.45139 86
1773515098499 1.494 87
1773515135269 1.41608 88
1773515192765 1.42844 89
1773515291699 1.6719 90
1773515333572 1.52609 91
1773515379723 1.53892 92
1773515424495 1.46859 93
1773515450813 1.45643 94
1773515475364 1.49775 95
1773515495832 1.52162 96
1773515535802 1.52493 97
1773515554838 1.41803 98
1773515573907 1.47912 99
